1.6923076923076923
1.8461538461538463
1.3846153846153846
1.6923076923076923
2.0
0.9230769230769231
1.6923076923076923
2.1538461538461537
0.9230769230769231
2.3076923076923075
2.4615384615384617
1.3846153846153846
1.8461538461538463
2.0
1.3846153846153846
2.1538461538461537
3.076923076923077
1.6923076923076923
3.3846153846153846
2.769230769230769
1.3846153846153846
2.769230769230769
2.923076923076923
1.3846153846153846
2.1538461538461537
2.0
1.5384615384615385
2.6153846153846154
2.6153846153846154
1.6923076923076923
2.3076923076923075
3.230769230769231
1.5384615384615385
2.6153846153846154
3.076923076923077
1.5384615384615385
3.230769230769231
3.230769230769231
1.3846153846153846
4.0
2.4615384615384617
2.0
2.4615384615384617
3.3846153846153846
0.7692307692307693
2.0
3.6923076923076925
1.2307692307692308
3.3846153846153846
3.3846153846153846
1.6923076923076923
2.0
3.5384615384615383
0.9230769230769231
2.769230769230769
2.923076923076923
1.5384615384615385
3.6923076923076925
1.8461538461538463
1.6923076923076923
2.3076923076923075
3.076923076923077
2.3076923076923075
3.3846153846153846
2.769230769230769
2.3076923076923075
3.230769230769231
3.5384615384615383
1.5384615384615385
2.1538461538461537
2.923076923076923
1.6923076923076923
2.4615384615384617
2.1538461538461537
2.1538461538461537
2.3076923076923075
1.0769230769230769
1.3846153846153846
4.153846153846154
3.076923076923077
1.0769230769230769
3.8461538461538463
1.6923076923076923
1.6923076923076923
2.769230769230769
3.3846153846153846
11.076923076923077
1.3846153846153846
1.3846153846153846
2.3076923076923075
3.230769230769231
1.6923076923076923
2.0
3.076923076923077
1.3846153846153846
4.615384615384615
2.0
1.5384615384615385
1.5384615384615385
2.4615384615384617
1.2307692307692308
