3.6923076923076925
1.8461538461538463
4.923076923076923
4.153846153846154
1.8461538461538463
4.3076923076923075
4.3076923076923075
1.3846153846153846
4.0
4.3076923076923075
1.5384615384615385
4.615384615384615
3.230769230769231
1.8461538461538463
4.3076923076923075
3.6923076923076925
2.1538461538461537
3.230769230769231
3.230769230769231
2.3076923076923075
4.3076923076923075
4.923076923076923
1.5384615384615385
3.8461538461538463
4.0
1.8461538461538463
4.3076923076923075
4.3076923076923075
2.769230769230769
4.3076923076923075
4.461538461538462
1.8461538461538463
4.153846153846154
3.8461538461538463
2.3076923076923075
4.0
5.076923076923077
2.4615384615384617
4.615384615384615
4.153846153846154
2.3076923076923075
3.8461538461538463
2.6153846153846154
0.7692307692307693
4.153846153846154
3.076923076923077
2.4615384615384617
3.8461538461538463
3.5384615384615383
2.1538461538461537
3.076923076923077
3.8461538461538463
1.8461538461538463
3.6923076923076925
4.3076923076923075
1.5384615384615385
3.5384615384615383
2.3076923076923075
1.5384615384615385
4.153846153846154
2.1538461538461537
1.8461538461538463
2.769230769230769
4.0
2.3076923076923075
4.461538461538462
1.3846153846153846
1.6923076923076923
3.230769230769231
2.6153846153846154
1.8461538461538463
1.3846153846153846
1.6923076923076923
0.9230769230769231
