1.3846153846153846
2.4615384615384617
3.076923076923077
1.5384615384615385
2.769230769230769
2.769230769230769
1.3846153846153846
3.230769230769231
2.923076923076923
0.9230769230769231
2.769230769230769
2.923076923076923
1.0769230769230769
6.153846153846154
1.2307692307692308
3.230769230769231
3.5384615384615383
2.1538461538461537
3.3846153846153846
3.076923076923077
2.0
4.153846153846154
3.5384615384615383
2.0
2.769230769230769
4.3076923076923075
0.6153846153846154
1.6923076923076923
3.5384615384615383
1.6923076923076923
3.3846153846153846
3.230769230769231
1.6923076923076923
3.8461538461538463
4.0
1.2307692307692308
4.461538461538462
4.0
1.2307692307692308
3.3846153846153846
2.4615384615384617
1.8461538461538463
2.4615384615384617
3.230769230769231
1.3846153846153846
6.0
1.5384615384615385
3.3846153846153846
2.769230769230769
2.923076923076923
2.0
3.5384615384615383
3.230769230769231
2.3076923076923075
3.5384615384615383
3.230769230769231
2.769230769230769
5.384615384615385
1.2307692307692308
1.5384615384615385
2.3076923076923075
1.8461538461538463
3.6923076923076925
3.3846153846153846
1.5384615384615385
2.923076923076923
2.4615384615384617
1.3846153846153846
2.923076923076923
2.4615384615384617
1.5384615384615385
3.076923076923077
2.769230769230769
1.5384615384615385
3.230769230769231
2.6153846153846154
1.6923076923076923
1.8461538461538463
2.4615384615384617
2.1538461538461537
2.769230769230769
3.076923076923077
1.6923076923076923
3.230769230769231
3.3846153846153846
1.3846153846153846
2.6153846153846154
2.4615384615384617
1.3846153846153846
2.0
0.9230769230769231
1.5384615384615385
1.5384615384615385
2.3076923076923075
0.46153846153846156
1.5384615384615385
1.6923076923076923
1.0769230769230769
3.3846153846153846
0.6153846153846154
