3.6923076923076925
3.8461538461538463
2.4615384615384617
2.6153846153846154
5.538461538461538
2.0
3.6923076923076925
4.153846153846154
0.3076923076923077
2.1538461538461537
0.9230769230769231
3.6923076923076925
3.6923076923076925
1.6923076923076923
4.923076923076923
4.153846153846154
1.0769230769230769
4.0
4.461538461538462
2.0
4.3076923076923075
4.461538461538462
2.3076923076923075
3.3846153846153846
4.0
1.5384615384615385
3.230769230769231
3.6923076923076925
2.6153846153846154
3.3846153846153846
4.0
2.1538461538461537
4.461538461538462
4.3076923076923075
1.5384615384615385
3.076923076923077
3.8461538461538463
1.8461538461538463
3.5384615384615383
4.615384615384615
1.6923076923076923
3.5384615384615383
4.0
1.3846153846153846
4.0
4.3076923076923075
2.0
3.5384615384615383
3.6923076923076925
1.8461538461538463
4.153846153846154
3.8461538461538463
1.8461538461538463
3.3846153846153846
3.230769230769231
1.6923076923076923
2.769230769230769
2.769230769230769
1.5384615384615385
2.923076923076923
2.769230769230769
1.3846153846153846
2.769230769230769
2.6153846153846154
2.0
3.076923076923077
3.230769230769231
1.3846153846153846
3.3846153846153846
3.076923076923077
1.3846153846153846
2.769230769230769
2.4615384615384617
0.9230769230769231
1.8461538461538463
1.6923076923076923
1.0769230769230769
1.2307692307692308
1.8461538461538463
0.6153846153846154
