3.076923076923077
3.230769230769231
2.0
3.5384615384615383
2.923076923076923
2.0
3.6923076923076925
2.769230769230769
1.3846153846153846
2.6153846153846154
3.5384615384615383
1.2307692307692308
2.769230769230769
3.3846153846153846
1.6923076923076923
3.5384615384615383
2.769230769230769
2.769230769230769
2.1538461538461537
3.6923076923076925
1.8461538461538463
2.6153846153846154
8.615384615384615
1.3846153846153846
2.3076923076923075
2.923076923076923
4.3076923076923075
2.4615384615384617
2.923076923076923
4.0
2.0
3.5384615384615383
4.3076923076923075
0.9230769230769231
3.6923076923076925
3.8461538461538463
4.615384615384615
2.923076923076923
1.8461538461538463
2.3076923076923075
2.769230769230769
2.0
3.3846153846153846
4.153846153846154
1.5384615384615385
4.0
3.8461538461538463
2.1538461538461537
2.923076923076923
3.3846153846153846
1.2307692307692308
3.8461538461538463
2.769230769230769
2.0
1.8461538461538463
3.076923076923077
1.3846153846153846
2.1538461538461537
3.076923076923077
2.4615384615384617
2.769230769230769
3.8461538461538463
2.4615384615384617
3.8461538461538463
2.4615384615384617
0.46153846153846156
2.6153846153846154
3.230769230769231
1.8461538461538463
3.076923076923077
2.3076923076923075
0.9230769230769231
2.4615384615384617
2.6153846153846154
1.2307692307692308
2.923076923076923
2.769230769230769
2.0
2.6153846153846154
2.769230769230769
1.8461538461538463
2.0
2.6153846153846154
1.5384615384615385
2.923076923076923
2.4615384615384617
1.2307692307692308
1.6923076923076923
1.6923076923076923
0.6153846153846154
