1.6923076923076923
2.1538461538461537
1.2307692307692308
1.5384615384615385
2.0
1.8461538461538463
2.3076923076923075
2.3076923076923075
1.3846153846153846
2.1538461538461537
2.769230769230769
1.2307692307692308
3.230769230769231
2.6153846153846154
1.0769230769230769
2.4615384615384617
2.6153846153846154
1.2307692307692308
2.769230769230769
3.076923076923077
1.0769230769230769
3.076923076923077
2.923076923076923
1.2307692307692308
3.230769230769231
3.3846153846153846
1.6923076923076923
3.3846153846153846
3.076923076923077
2.4615384615384617
1.6923076923076923
2.0
1.8461538461538463
2.3076923076923075
3.076923076923077
0.9230769230769231
3.3846153846153846
4.153846153846154
1.5384615384615385
3.076923076923077
3.3846153846153846
2.0
3.230769230769231
3.230769230769231
1.2307692307692308
2.6153846153846154
3.3846153846153846
1.6923076923076923
2.923076923076923
3.6923076923076925
1.2307692307692308
2.769230769230769
3.076923076923077
1.8461538461538463
2.6153846153846154
2.6153846153846154
1.5384615384615385
2.6153846153846154
3.230769230769231
1.6923076923076923
3.230769230769231
3.230769230769231
1.5384615384615385
3.3846153846153846
3.076923076923077
1.0769230769230769
2.4615384615384617
2.6153846153846154
1.5384615384615385
2.769230769230769
2.923076923076923
1.5384615384615385
2.6153846153846154
2.6153846153846154
1.6923076923076923
2.923076923076923
2.6153846153846154
1.5384615384615385
3.230769230769231
2.769230769230769
1.5384615384615385
3.230769230769231
3.076923076923077
1.3846153846153846
2.923076923076923
2.6153846153846154
1.0769230769230769
2.3076923076923075
2.4615384615384617
1.2307692307692308
2.4615384615384617
2.769230769230769
1.5384615384615385
2.0
2.4615384615384617
1.0769230769230769
1.8461538461538463
2.3076923076923075
1.3846153846153846
2.1538461538461537
2.4615384615384617
1.0769230769230769
1.5384615384615385
1.8461538461538463
1.0769230769230769
1.5384615384615385
1.6923076923076923
1.2307692307692308
