1.8461538461538463
0.15384615384615385
1.0769230769230769
1.0769230769230769
0.7692307692307693
2.0
1.6923076923076923
1.0769230769230769
1.6923076923076923
1.6923076923076923
1.0769230769230769
2.923076923076923
2.1538461538461537
0.9230769230769231
3.076923076923077
2.1538461538461537
0.46153846153846156
2.0
2.1538461538461537
0.7692307692307693
3.230769230769231
3.076923076923077
1.8461538461538463
2.4615384615384617
1.8461538461538463
1.5384615384615385
2.1538461538461537
1.8461538461538463
0.46153846153846156
3.5384615384615383
2.3076923076923075
0.6153846153846154
1.5384615384615385
1.3846153846153846
1.2307692307692308
14.76923076923077
0.7692307692307693
1.2307692307692308
4.461538461538462
0.6153846153846154
5.6923076923076925
2.4615384615384617
1.3846153846153846
1.2307692307692308
3.3846153846153846
1.6923076923076923
1.5384615384615385
2.6153846153846154
1.6923076923076923
2.769230769230769
2.6153846153846154
0.3076923076923077
2.4615384615384617
19.692307692307693
0.46153846153846156
3.3846153846153846
5.384615384615385
1.2307692307692308
1.6923076923076923
2.1538461538461537
2.1538461538461537
2.3076923076923075
0.9230769230769231
2.923076923076923
2.1538461538461537
1.8461538461538463
2.4615384615384617
0.0
3.3846153846153846
1.5384615384615385
2.0
0.0
2.769230769230769
1.3846153846153846
1.5384615384615385
2.1538461538461537
0.7692307692307693
1.6923076923076923
2.0
2.0
0.9230769230769231
1.6923076923076923
1.0769230769230769
0.9230769230769231
1.6923076923076923
1.5384615384615385
0.9230769230769231
1.6923076923076923
2.1538461538461537
1.2307692307692308
1.6923076923076923
1.2307692307692308
0.9230769230769231
1.3846153846153846
2.1538461538461537
1.3846153846153846
3.3846153846153846
1.2307692307692308
0.0
2.0
2.0
1.3846153846153846
2.3076923076923075
3.5384615384615383
1.0769230769230769
2.0
2.3076923076923075
0.7692307692307693
0.7692307692307693
1.5384615384615385
0.6153846153846154
1.6923076923076923
2.769230769230769
0.9230769230769231
2.1538461538461537
1.6923076923076923
0.6153846153846154
1.2307692307692308
0.6153846153846154
0.15384615384615385
0.9230769230769231
0.15384615384615385
