1.0769230769230769
2.0
2.1538461538461537
1.2307692307692308
3.5384615384615383
2.4615384615384617
1.3846153846153846
2.1538461538461537
2.4615384615384617
1.0769230769230769
1.3846153846153846
2.923076923076923
1.5384615384615385
2.6153846153846154
3.076923076923077
1.2307692307692308
3.5384615384615383
3.230769230769231
1.2307692307692308
3.5384615384615383
3.6923076923076925
1.8461538461538463
2.4615384615384617
1.2307692307692308
11.846153846153847
2.769230769230769
3.5384615384615383
2.3076923076923075
3.5384615384615383
4.0
1.8461538461538463
3.6923076923076925
4.3076923076923075
1.3846153846153846
3.5384615384615383
3.230769230769231
1.6923076923076923
3.3846153846153846
2.923076923076923
1.5384615384615385
2.1538461538461537
3.5384615384615383
1.8461538461538463
3.5384615384615383
3.3846153846153846
2.0
4.0
3.8461538461538463
2.1538461538461537
2.0
2.3076923076923075
2.769230769230769
2.769230769230769
2.923076923076923
2.3076923076923075
5.230769230769231
3.8461538461538463
3.076923076923077
3.230769230769231
3.076923076923077
2.0
2.769230769230769
2.6153846153846154
1.3846153846153846
3.6923076923076925
1.5384615384615385
2.0
3.6923076923076925
2.6153846153846154
1.8461538461538463
3.076923076923077
3.230769230769231
1.3846153846153846
3.6923076923076925
3.230769230769231
1.3846153846153846
2.923076923076923
3.076923076923077
2.1538461538461537
2.6153846153846154
3.230769230769231
1.5384615384615385
2.3076923076923075
2.923076923076923
2.0
2.6153846153846154
2.923076923076923
1.6923076923076923
3.230769230769231
