0.15384615384615385
0.3076923076923077
0.15384615384615385
0.15384615384615385
0.6153846153846154
0.46153846153846156
0.9230769230769231
0.6153846153846154
0.9230769230769231
0.6153846153846154
0.6153846153846154
0.9230769230769231
0.46153846153846156
0.7692307692307693
1.2307692307692308
1.0769230769230769
0.9230769230769231
0.7692307692307693
0.6153846153846154
1.2307692307692308
0.46153846153846156
1.5384615384615385
0.46153846153846156
1.0769230769230769
0.7692307692307693
1.3846153846153846
2.0
1.8461538461538463
0.9230769230769231
0.7692307692307693
2.4615384615384617
1.5384615384615385
0.3076923076923077
0.15384615384615385
0.9230769230769231
3.6923076923076925
0.3076923076923077
0.6153846153846154
0.7692307692307693
0.9230769230769231
1.5384615384615385
0.9230769230769231
1.3846153846153846
0.7692307692307693
1.5384615384615385
1.3846153846153846
1.8461538461538463
0.9230769230769231
0.7692307692307693
0.9230769230769231
0.9230769230769231
1.2307692307692308
0.9230769230769231
0.7692307692307693
0.3076923076923077
0.9230769230769231
1.0769230769230769
0.7692307692307693
0.6153846153846154
1.3846153846153846
0.9230769230769231
0.7692307692307693
0.9230769230769231
1.0769230769230769
0.7692307692307693
1.0769230769230769
0.9230769230769231
1.2307692307692308
1.2307692307692308
1.0769230769230769
0.6153846153846154
1.5384615384615385
1.3846153846153846
0.9230769230769231
0.7692307692307693
0.9230769230769231
1.2307692307692308
1.5384615384615385
1.3846153846153846
1.8461538461538463
0.15384615384615385
0.7692307692307693
1.2307692307692308
0.7692307692307693
1.3846153846153846
0.3076923076923077
0.6153846153846154
0.46153846153846156
0.3076923076923077
1.6923076923076923
0.46153846153846156
0.46153846153846156
1.2307692307692308
0.6153846153846154
1.8461538461538463
1.5384615384615385
1.6923076923076923
0.6153846153846154
0.9230769230769231
1.0769230769230769
1.2307692307692308
1.3846153846153846
1.5384615384615385
1.6923076923076923
0.6153846153846154
1.3846153846153846
0.6153846153846154
1.0769230769230769
1.6923076923076923
0.0
1.6923076923076923
0.7692307692307693
5.538461538461538
4.769230769230769
1.6923076923076923
0.46153846153846156
0.15384615384615385
1.3846153846153846
0.9230769230769231
2.4615384615384617
3.8461538461538463
0.15384615384615385
1.0769230769230769
0.6153846153846154
2.769230769230769
0.7692307692307693
4.153846153846154
0.7692307692307693
6.0
0.46153846153846156
1.2307692307692308
1.2307692307692308
0.7692307692307693
0.6153846153846154
1.3846153846153846
1.0769230769230769
0.9230769230769231
1.2307692307692308
1.3846153846153846
1.5384615384615385
1.3846153846153846
0.6153846153846154
1.0769230769230769
1.6923076923076923
1.5384615384615385
1.3846153846153846
0.7692307692307693
0.9230769230769231
0.9230769230769231
1.0769230769230769
0.7692307692307693
0.3076923076923077
1.8461538461538463
0.6153846153846154
10.923076923076923
1.8461538461538463
0.46153846153846156
5.384615384615385
3.230769230769231
3.6923076923076925
0.3076923076923077
3.5384615384615383
0.46153846153846156
0.7692307692307693
3.230769230769231
0.15384615384615385
0.6153846153846154
1.2307692307692308
1.2307692307692308
2.923076923076923
0.6153846153846154
1.5384615384615385
0.6153846153846154
0.46153846153846156
1.8461538461538463
0.0
1.2307692307692308
0.7692307692307693
1.2307692307692308
0.7692307692307693
1.0769230769230769
0.7692307692307693
0.9230769230769231
2.1538461538461537
0.9230769230769231
1.5384615384615385
2.923076923076923
1.2307692307692308
0.7692307692307693
0.6153846153846154
2.3076923076923075
0.0
2.3076923076923075
0.46153846153846156
0.9230769230769231
0.9230769230769231
0.6153846153846154
0.9230769230769231
0.6153846153846154
2.0
3.6923076923076925
3.076923076923077
3.230769230769231
0.46153846153846156
2.1538461538461537
0.46153846153846156
1.2307692307692308
2.923076923076923
1.5384615384615385
1.6923076923076923
0.6153846153846154
1.5384615384615385
1.5384615384615385
0.3076923076923077
0.9230769230769231
1.8461538461538463
0.15384615384615385
1.0769230769230769
0.46153846153846156
0.15384615384615385
0.7692307692307693
0.15384615384615385
0.46153846153846156
0.46153846153846156
0.7692307692307693
1.2307692307692308
0.7692307692307693
0.3076923076923077
0.15384615384615385
0.46153846153846156
0.46153846153846156
0.3076923076923077
1.0769230769230769
0.7692307692307693
0.3076923076923077
0.3076923076923077
0.3076923076923077
0.6153846153846154
0.7692307692307693
0.0
1.3846153846153846
0.15384615384615385
