0.15384615384615385
6.769230769230769
1.3846153846153846
7.230769230769231
0.9230769230769231
4.0
3.5384615384615383
3.230769230769231
4.0
1.6923076923076923
2.923076923076923
21.23076923076923
3.8461538461538463
1.0769230769230769
4.769230769230769
3.5384615384615383
1.5384615384615385
2.923076923076923
1.5384615384615385
1.0769230769230769
2.4615384615384617
2.4615384615384617
2.769230769230769
1.8461538461538463
4.0
1.5384615384615385
2.6153846153846154
4.923076923076923
1.2307692307692308
2.6153846153846154
14.0
9.692307692307692
3.5384615384615383
2.3076923076923075
2.923076923076923
1.8461538461538463
2.6153846153846154
2.3076923076923075
1.3846153846153846
3.5384615384615383
1.2307692307692308
1.0769230769230769
1.6923076923076923
2.6153846153846154
1.5384615384615385
1.8461538461538463
2.1538461538461537
2.4615384615384617
1.8461538461538463
2.1538461538461537
1.6923076923076923
2.4615384615384617
2.3076923076923075
2.0
1.8461538461538463
2.769230769230769
2.0
2.4615384615384617
1.6923076923076923
0.7692307692307693
2.1538461538461537
2.3076923076923075
0.6153846153846154
2.0
1.3846153846153846
0.6153846153846154
2.0
1.8461538461538463
1.3846153846153846
1.6923076923076923
0.7692307692307693
1.0769230769230769
2.3076923076923075
2.6153846153846154
0.6153846153846154
0.9230769230769231
1.0769230769230769
