3.5384615384615383
2.4615384615384617
3.3846153846153846
2.6153846153846154
1.0769230769230769
11.076923076923077
2.1538461538461537
2.0
3.3846153846153846
3.3846153846153846
1.5384615384615385
3.6923076923076925
3.6923076923076925
2.0
15.846153846153847
3.6923076923076925
3.8461538461538463
2.1538461538461537
3.5384615384615383
2.769230769230769
2.6153846153846154
3.5384615384615383
2.0
4.153846153846154
2.769230769230769
1.5384615384615385
3.8461538461538463
3.5384615384615383
1.6923076923076923
4.0
2.0
1.5384615384615385
2.1538461538461537
3.6923076923076925
1.5384615384615385
3.5384615384615383
4.923076923076923
25.076923076923077
0.9230769230769231
2.4615384615384617
3.076923076923077
1.5384615384615385
3.076923076923077
3.076923076923077
1.5384615384615385
4.0
4.461538461538462
1.2307692307692308
2.769230769230769
3.076923076923077
1.3846153846153846
3.230769230769231
3.076923076923077
1.8461538461538463
1.6923076923076923
2.1538461538461537
1.8461538461538463
2.6153846153846154
3.6923076923076925
1.5384615384615385
3.230769230769231
3.230769230769231
1.2307692307692308
3.5384615384615383
2.769230769230769
1.8461538461538463
1.5384615384615385
2.1538461538461537
1.2307692307692308
1.8461538461538463
3.076923076923077
0.15384615384615385
