1.2307692307692308
2.4615384615384617
1.5384615384615385
3.230769230769231
2.769230769230769
1.0769230769230769
3.3846153846153846
3.5384615384615383
1.2307692307692308
3.6923076923076925
4.0
1.8461538461538463
3.076923076923077
2.923076923076923
1.3846153846153846
2.4615384615384617
3.5384615384615383
16.615384615384617
1.5384615384615385
4.0
3.3846153846153846
1.3846153846153846
3.076923076923077
3.3846153846153846
1.3846153846153846
2.923076923076923
4.3076923076923075
2.0
2.4615384615384617
2.3076923076923075
2.1538461538461537
3.230769230769231
3.230769230769231
1.0769230769230769
3.5384615384615383
3.6923076923076925
1.2307692307692308
3.6923076923076925
2.923076923076923
1.5384615384615385
2.769230769230769
12.76923076923077
2.3076923076923075
2.769230769230769
1.0769230769230769
2.923076923076923
2.769230769230769
2.0
2.923076923076923
2.4615384615384617
1.6923076923076923
2.6153846153846154
2.6153846153846154
0.9230769230769231
2.3076923076923075
3.230769230769231
1.3846153846153846
2.769230769230769
2.4615384615384617
1.5384615384615385
2.769230769230769
3.076923076923077
1.6923076923076923
4.0
2.769230769230769
1.2307692307692308
12.461538461538462
0.15384615384615385
0.15384615384615385
1.0769230769230769
1.8461538461538463
1.6923076923076923
2.4615384615384617
2.769230769230769
0.7692307692307693
1.6923076923076923
3.3846153846153846
