2.3076923076923075
1.6923076923076923
2.4615384615384617
2.3076923076923075
1.0769230769230769
2.4615384615384617
2.3076923076923075
1.8461538461538463
2.1538461538461537
2.3076923076923075
1.3846153846153846
2.1538461538461537
2.3076923076923075
2.0
2.4615384615384617
2.4615384615384617
1.3846153846153846
1.8461538461538463
2.6153846153846154
1.2307692307692308
2.3076923076923075
2.923076923076923
1.6923076923076923
2.4615384615384617
2.769230769230769
1.8461538461538463
2.923076923076923
3.076923076923077
1.6923076923076923
3.3846153846153846
3.5384615384615383
1.8461538461538463
3.3846153846153846
3.5384615384615383
1.6923076923076923
2.769230769230769
2.6153846153846154
1.8461538461538463
3.076923076923077
3.076923076923077
1.6923076923076923
3.076923076923077
3.6923076923076925
1.5384615384615385
3.3846153846153846
3.5384615384615383
1.6923076923076923
3.230769230769231
3.3846153846153846
1.6923076923076923
4.461538461538462
3.230769230769231
1.5384615384615385
2.6153846153846154
3.3846153846153846
1.6923076923076923
2.923076923076923
2.923076923076923
1.8461538461538463
3.076923076923077
3.3846153846153846
1.5384615384615385
2.4615384615384617
3.6923076923076925
1.6923076923076923
2.923076923076923
3.6923076923076925
1.3846153846153846
3.3846153846153846
3.230769230769231
1.3846153846153846
2.769230769230769
2.4615384615384617
1.6923076923076923
2.3076923076923075
3.5384615384615383
1.0769230769230769
3.076923076923077
3.076923076923077
1.3846153846153846
2.6153846153846154
2.923076923076923
1.3846153846153846
2.6153846153846154
3.3846153846153846
1.8461538461538463
2.923076923076923
2.6153846153846154
0.9230769230769231
2.0
2.923076923076923
0.9230769230769231
2.4615384615384617
2.769230769230769
1.3846153846153846
3.3846153846153846
1.5384615384615385
1.2307692307692308
2.0
2.3076923076923075
1.2307692307692308
1.6923076923076923
2.0
1.2307692307692308
2.1538461538461537
1.6923076923076923
1.2307692307692308
2.0
1.5384615384615385
0.0
3.230769230769231
1.2307692307692308
2.1538461538461537
0.6153846153846154
0.3076923076923077
0.7692307692307693
0.3076923076923077
10.923076923076923
0.0
1.2307692307692308
1.8461538461538463
1.0769230769230769
1.6923076923076923
1.6923076923076923
1.0769230769230769
2.1538461538461537
1.5384615384615385
1.2307692307692308
2.0
2.6153846153846154
1.5384615384615385
2.769230769230769
2.923076923076923
1.2307692307692308
3.5384615384615383
3.5384615384615383
1.2307692307692308
2.769230769230769
2.769230769230769
1.6923076923076923
2.769230769230769
3.076923076923077
1.8461538461538463
3.076923076923077
2.1538461538461537
2.3076923076923075
3.230769230769231
3.076923076923077
2.0
2.923076923076923
3.6923076923076925
1.6923076923076923
3.6923076923076925
3.3846153846153846
1.0769230769230769
3.076923076923077
3.076923076923077
2.923076923076923
3.230769230769231
3.3846153846153846
1.6923076923076923
3.076923076923077
3.8461538461538463
2.6153846153846154
3.230769230769231
3.3846153846153846
1.8461538461538463
3.5384615384615383
4.0
2.0
3.3846153846153846
2.923076923076923
1.8461538461538463
2.769230769230769
3.076923076923077
2.0
2.6153846153846154
3.076923076923077
2.0
3.230769230769231
3.3846153846153846
1.8461538461538463
3.076923076923077
4.0
1.5384615384615385
4.0
3.3846153846153846
2.0
4.3076923076923075
3.3846153846153846
1.2307692307692308
2.923076923076923
3.5384615384615383
2.0
3.230769230769231
2.1538461538461537
1.8461538461538463
2.1538461538461537
2.4615384615384617
1.8461538461538463
3.076923076923077
3.3846153846153846
1.0769230769230769
3.230769230769231
2.6153846153846154
1.2307692307692308
2.3076923076923075
2.3076923076923075
1.2307692307692308
2.923076923076923
2.6153846153846154
1.5384615384615385
2.0
1.8461538461538463
1.6923076923076923
2.3076923076923075
2.6153846153846154
1.8461538461538463
2.769230769230769
2.923076923076923
1.3846153846153846
2.923076923076923
2.6153846153846154
0.9230769230769231
2.923076923076923
1.8461538461538463
1.6923076923076923
1.5384615384615385
