1.0769230769230769
1.6923076923076923
1.3846153846153846
1.2307692307692308
1.3846153846153846
2.4615384615384617
1.2307692307692308
1.8461538461538463
2.3076923076923075
0.7692307692307693
1.8461538461538463
2.769230769230769
0.7692307692307693
2.1538461538461537
2.4615384615384617
1.2307692307692308
3.230769230769231
3.8461538461538463
2.0
2.4615384615384617
2.4615384615384617
2.1538461538461537
3.076923076923077
2.923076923076923
2.0
2.923076923076923
3.230769230769231
1.2307692307692308
3.230769230769231
2.769230769230769
1.8461538461538463
2.923076923076923
3.3846153846153846
1.6923076923076923
2.923076923076923
3.6923076923076925
1.0769230769230769
2.4615384615384617
1.6923076923076923
1.8461538461538463
2.4615384615384617
3.8461538461538463
1.2307692307692308
3.6923076923076925
3.076923076923077
2.1538461538461537
3.5384615384615383
2.6153846153846154
1.2307692307692308
2.923076923076923
3.230769230769231
2.4615384615384617
3.3846153846153846
5.538461538461538
1.8461538461538463
3.230769230769231
3.6923076923076925
1.3846153846153846
4.153846153846154
3.5384615384615383
2.0
3.6923076923076925
3.3846153846153846
2.1538461538461537
1.0769230769230769
2.923076923076923
1.6923076923076923
4.615384615384615
3.230769230769231
0.15384615384615385
2.3076923076923075
3.3846153846153846
1.6923076923076923
4.461538461538462
2.769230769230769
0.7692307692307693
3.3846153846153846
3.230769230769231
1.3846153846153846
2.923076923076923
2.923076923076923
1.3846153846153846
2.6153846153846154
2.4615384615384617
2.0
3.3846153846153846
3.8461538461538463
1.5384615384615385
3.076923076923077
3.3846153846153846
1.5384615384615385
2.6153846153846154
2.769230769230769
0.7692307692307693
2.4615384615384617
2.3076923076923075
0.46153846153846156
3.3846153846153846
0.6153846153846154
1.3846153846153846
4.3076923076923075
2.4615384615384617
1.3846153846153846
