1.0769230769230769
0.3076923076923077
2.923076923076923
0.15384615384615385
0.15384615384615385
0.0
0.3076923076923077
0.15384615384615385
0.3076923076923077
0.3076923076923077
0.3076923076923077
0.3076923076923077
0.3076923076923077
0.6153846153846154
0.7692307692307693
0.3076923076923077
0.3076923076923077
0.46153846153846156
0.46153846153846156
0.46153846153846156
0.46153846153846156
0.46153846153846156
0.7692307692307693
0.7692307692307693
0.15384615384615385
0.15384615384615385
0.46153846153846156
0.46153846153846156
0.15384615384615385
0.46153846153846156
0.46153846153846156
0.3076923076923077
0.46153846153846156
0.46153846153846156
0.46153846153846156
0.6153846153846154
0.46153846153846156
0.46153846153846156
0.6153846153846154
0.46153846153846156
0.7692307692307693
0.6153846153846154
0.6153846153846154
0.46153846153846156
0.6153846153846154
0.9230769230769231
0.9230769230769231
0.9230769230769231
0.9230769230769231
0.6153846153846154
0.7692307692307693
0.6153846153846154
0.6153846153846154
1.0769230769230769
0.7692307692307693
0.6153846153846154
0.46153846153846156
0.3076923076923077
0.46153846153846156
0.6153846153846154
0.6153846153846154
0.46153846153846156
0.46153846153846156
0.6153846153846154
0.46153846153846156
0.6153846153846154
0.6153846153846154
0.6153846153846154
0.46153846153846156
0.3076923076923077
0.46153846153846156
0.46153846153846156
0.3076923076923077
0.3076923076923077
0.46153846153846156
0.3076923076923077
0.46153846153846156
0.46153846153846156
0.6153846153846154
0.3076923076923077
0.46153846153846156
0.46153846153846156
0.6153846153846154
0.6153846153846154
0.9230769230769231
0.6153846153846154
0.7692307692307693
0.7692307692307693
0.46153846153846156
0.7692307692307693
0.7692307692307693
0.7692307692307693
0.46153846153846156
0.6153846153846154
0.9230769230769231
0.9230769230769231
0.46153846153846156
0.6153846153846154
0.9230769230769231
0.46153846153846156
0.46153846153846156
0.3076923076923077
0.46153846153846156
0.6153846153846154
0.6153846153846154
0.3076923076923077
0.46153846153846156
0.46153846153846156
0.3076923076923077
0.7692307692307693
0.7692307692307693
0.7692307692307693
0.46153846153846156
0.46153846153846156
0.7692307692307693
0.6153846153846154
0.9230769230769231
0.9230769230769231
0.7692307692307693
0.7692307692307693
0.46153846153846156
1.0769230769230769
0.7692307692307693
1.0769230769230769
1.0769230769230769
1.2307692307692308
0.9230769230769231
0.7692307692307693
1.2307692307692308
0.9230769230769231
0.0
0.7692307692307693
0.3076923076923077
0.6153846153846154
1.6923076923076923
0.6153846153846154
0.46153846153846156
0.46153846153846156
0.46153846153846156
0.46153846153846156
0.15384615384615385
0.46153846153846156
0.6153846153846154
0.3076923076923077
0.6153846153846154
0.46153846153846156
2.0
1.0769230769230769
0.7692307692307693
0.7692307692307693
0.46153846153846156
0.15384615384615385
0.15384615384615385
0.46153846153846156
0.46153846153846156
1.0769230769230769
0.9230769230769231
0.7692307692307693
0.7692307692307693
0.9230769230769231
0.6153846153846154
0.3076923076923077
0.9230769230769231
0.6153846153846154
0.7692307692307693
0.6153846153846154
0.6153846153846154
0.46153846153846156
0.6153846153846154
0.6153846153846154
0.6153846153846154
0.9230769230769231
1.0769230769230769
0.9230769230769231
0.7692307692307693
0.46153846153846156
0.7692307692307693
0.6153846153846154
0.9230769230769231
0.15384615384615385
0.6153846153846154
0.6153846153846154
0.6153846153846154
0.46153846153846156
0.46153846153846156
0.9230769230769231
0.46153846153846156
0.9230769230769231
1.0769230769230769
1.2307692307692308
0.46153846153846156
0.9230769230769231
0.3076923076923077
0.9230769230769231
0.46153846153846156
1.0769230769230769
0.9230769230769231
0.3076923076923077
0.46153846153846156
0.7692307692307693
2.0
0.15384615384615385
1.0769230769230769
1.3846153846153846
1.0769230769230769
1.2307692307692308
0.9230769230769231
0.6153846153846154
0.15384615384615385
0.46153846153846156
0.6153846153846154
3.6923076923076925
0.46153846153846156
6.615384615384615
0.0
0.0
0.3076923076923077
0.46153846153846156
0.46153846153846156
0.46153846153846156
0.3076923076923077
0.6153846153846154
0.6153846153846154
0.7692307692307693
0.6153846153846154
0.9230769230769231
0.9230769230769231
0.7692307692307693
0.9230769230769231
0.6153846153846154
0.6153846153846154
0.7692307692307693
0.46153846153846156
0.6153846153846154
0.6153846153846154
0.7692307692307693
0.6153846153846154
0.7692307692307693
0.6153846153846154
0.6153846153846154
1.0769230769230769
0.7692307692307693
0.46153846153846156
0.6153846153846154
0.46153846153846156
0.3076923076923077
0.46153846153846156
0.6153846153846154
0.46153846153846156
0.6153846153846154
0.6153846153846154
0.46153846153846156
0.9230769230769231
0.6153846153846154
0.6153846153846154
0.6153846153846154
0.9230769230769231
0.6153846153846154
0.6153846153846154
1.0769230769230769
0.7692307692307693
0.7692307692307693
0.46153846153846156
0.6153846153846154
0.7692307692307693
0.6153846153846154
0.7692307692307693
0.46153846153846156
0.46153846153846156
0.46153846153846156
0.9230769230769231
0.6153846153846154
0.46153846153846156
0.3076923076923077
0.7692307692307693
0.15384615384615385
0.46153846153846156
0.46153846153846156
0.46153846153846156
0.46153846153846156
0.46153846153846156
0.3076923076923077
0.6153846153846154
0.46153846153846156
0.46153846153846156
0.46153846153846156
0.3076923076923077
0.46153846153846156
0.3076923076923077
0.6153846153846154
0.46153846153846156
0.3076923076923077
0.46153846153846156
0.46153846153846156
0.46153846153846156
0.9230769230769231
0.3076923076923077
0.6153846153846154
0.9230769230769231
0.6153846153846154
0.7692307692307693
0.9230769230769231
0.7692307692307693
1.0769230769230769
0.6153846153846154
0.6153846153846154
0.9230769230769231
0.9230769230769231
0.7692307692307693
1.0769230769230769
0.9230769230769231
0.7692307692307693
1.0769230769230769
0.7692307692307693
1.2307692307692308
0.9230769230769231
0.6153846153846154
0.6153846153846154
0.9230769230769231
0.7692307692307693
0.7692307692307693
0.7692307692307693
0.6153846153846154
0.7692307692307693
0.7692307692307693
0.6153846153846154
0.46153846153846156
0.46153846153846156
0.46153846153846156
0.3076923076923077
0.6153846153846154
0.3076923076923077
0.6153846153846154
0.3076923076923077
0.46153846153846156
0.46153846153846156
0.3076923076923077
0.7692307692307693
0.46153846153846156
0.9230769230769231
0.6153846153846154
0.7692307692307693
0.6153846153846154
1.0769230769230769
0.7692307692307693
0.6153846153846154
0.9230769230769231
0.7692307692307693
0.9230769230769231
0.46153846153846156
0.9230769230769231
0.6153846153846154
0.7692307692307693
0.7692307692307693
0.6153846153846154
0.46153846153846156
0.6153846153846154
0.46153846153846156
0.7692307692307693
0.3076923076923077
0.7692307692307693
0.46153846153846156
0.6153846153846154
0.6153846153846154
0.9230769230769231
0.6153846153846154
0.3076923076923077
0.46153846153846156
0.46153846153846156
0.46153846153846156
0.6153846153846154
0.15384615384615385
0.7692307692307693
0.46153846153846156
0.3076923076923077
0.3076923076923077
0.46153846153846156
0.15384615384615385
0.0
0.46153846153846156
0.6153846153846154
0.46153846153846156
0.46153846153846156
0.46153846153846156
0.6153846153846154
0.46153846153846156
0.7692307692307693
0.6153846153846154
0.6153846153846154
0.7692307692307693
0.9230769230769231
1.0769230769230769
0.7692307692307693
0.6153846153846154
0.9230769230769231
0.6153846153846154
0.46153846153846156
0.7692307692307693
0.46153846153846156
0.6153846153846154
0.6153846153846154
0.7692307692307693
0.6153846153846154
0.6153846153846154
0.7692307692307693
0.46153846153846156
0.46153846153846156
0.46153846153846156
0.46153846153846156
0.46153846153846156
0.6153846153846154
0.6153846153846154
0.6153846153846154
0.46153846153846156
0.6153846153846154
0.3076923076923077
0.6153846153846154
0.46153846153846156
0.46153846153846156
0.46153846153846156
0.7692307692307693
0.6153846153846154
0.46153846153846156
0.3076923076923077
0.6153846153846154
0.3076923076923077
0.3076923076923077
0.6153846153846154
0.6153846153846154
0.15384615384615385
0.46153846153846156
0.7692307692307693
0.3076923076923077
0.7692307692307693
0.3076923076923077
0.6153846153846154
0.46153846153846156
0.46153846153846156
1.3846153846153846
0.46153846153846156
0.7692307692307693
0.3076923076923077
0.15384615384615385
0.46153846153846156
0.3076923076923077
0.15384615384615385
0.15384615384615385
0.3076923076923077
0.0
0.0
0.3076923076923077
0.7692307692307693
0.0
0.15384615384615385
0.9230769230769231
0.3076923076923077
0.15384615384615385
0.3076923076923077
0.46153846153846156
