1.8461538461538463
3.076923076923077
0.7692307692307693
2.6153846153846154
1.0769230769230769
1.8461538461538463
2.0
2.0
2.3076923076923075
2.4615384615384617
1.3846153846153846
2.1538461538461537
3.230769230769231
1.2307692307692308
2.4615384615384617
2.1538461538461537
1.0769230769230769
2.1538461538461537
2.3076923076923075
1.2307692307692308
2.0
2.3076923076923075
1.3846153846153846
2.3076923076923075
2.769230769230769
1.6923076923076923
2.6153846153846154
2.6153846153846154
0.7692307692307693
2.4615384615384617
2.1538461538461537
1.0769230769230769
2.6153846153846154
2.3076923076923075
0.9230769230769231
2.1538461538461537
3.230769230769231
1.6923076923076923
2.769230769230769
3.5384615384615383
2.6153846153846154
2.6153846153846154
2.769230769230769
1.8461538461538463
2.6153846153846154
2.1538461538461537
1.5384615384615385
3.076923076923077
3.8461538461538463
1.8461538461538463
2.1538461538461537
2.923076923076923
1.6923076923076923
3.230769230769231
2.923076923076923
1.8461538461538463
3.076923076923077
2.923076923076923
1.6923076923076923
2.769230769230769
2.6153846153846154
1.2307692307692308
2.3076923076923075
3.5384615384615383
1.3846153846153846
3.3846153846153846
2.923076923076923
0.7692307692307693
2.3076923076923075
2.769230769230769
1.8461538461538463
3.3846153846153846
2.923076923076923
1.8461538461538463
2.6153846153846154
2.769230769230769
1.8461538461538463
2.769230769230769
2.6153846153846154
1.6923076923076923
2.4615384615384617
3.5384615384615383
2.1538461538461537
2.3076923076923075
2.6153846153846154
2.0
2.6153846153846154
2.923076923076923
1.8461538461538463
2.923076923076923
2.4615384615384617
1.3846153846153846
2.769230769230769
3.5384615384615383
1.8461538461538463
1.6923076923076923
2.4615384615384617
1.2307692307692308
3.076923076923077
2.4615384615384617
0.46153846153846156
2.6153846153846154
2.1538461538461537
1.5384615384615385
2.6153846153846154
2.923076923076923
1.3846153846153846
3.6923076923076925
2.1538461538461537
1.2307692307692308
2.3076923076923075
2.4615384615384617
1.3846153846153846
2.3076923076923075
2.0
1.2307692307692308
2.3076923076923075
2.4615384615384617
