1.8461538461538463
4.0
6.3076923076923075
1.5384615384615385
2.3076923076923075
1.8461538461538463
3.8461538461538463
3.076923076923077
1.2307692307692308
3.230769230769231
3.3846153846153846
2.1538461538461537
3.8461538461538463
3.230769230769231
3.230769230769231
3.076923076923077
4.153846153846154
0.9230769230769231
3.230769230769231
3.230769230769231
1.3846153846153846
3.230769230769231
4.461538461538462
1.5384615384615385
3.6923076923076925
3.6923076923076925
1.5384615384615385
4.153846153846154
4.3076923076923075
1.6923076923076923
4.153846153846154
4.461538461538462
0.9230769230769231
4.153846153846154
0.9230769230769231
2.4615384615384617
3.6923076923076925
4.615384615384615
0.46153846153846156
2.1538461538461537
3.3846153846153846
2.0
3.230769230769231
3.5384615384615383
1.0769230769230769
3.230769230769231
3.230769230769231
1.2307692307692308
3.230769230769231
2.6153846153846154
1.6923076923076923
2.3076923076923075
3.230769230769231
1.5384615384615385
3.5384615384615383
3.5384615384615383
1.8461538461538463
2.769230769230769
3.3846153846153846
1.6923076923076923
2.1538461538461537
6.769230769230769
2.4615384615384617
1.5384615384615385
1.5384615384615385
0.6153846153846154
2.6153846153846154
2.6153846153846154
0.9230769230769231
2.769230769230769
3.076923076923077
0.7692307692307693
2.4615384615384617
2.769230769230769
1.6923076923076923
2.769230769230769
2.3076923076923075
2.0
2.4615384615384617
3.076923076923077
1.6923076923076923
2.0
0.15384615384615385
1.2307692307692308
