0.46153846153846156
0.46153846153846156
0.46153846153846156
1.2307692307692308
1.5384615384615385
0.0
0.9230769230769231
0.9230769230769231
0.7692307692307693
1.8461538461538463
0.15384615384615385
0.9230769230769231
1.2307692307692308
0.7692307692307693
2.0
2.4615384615384617
1.3846153846153846
2.769230769230769
2.769230769230769
1.2307692307692308
3.230769230769231
3.076923076923077
1.0769230769230769
2.1538461538461537
2.4615384615384617
1.2307692307692308
3.076923076923077
2.923076923076923
1.2307692307692308
2.6153846153846154
2.923076923076923
1.8461538461538463
2.4615384615384617
3.5384615384615383
1.6923076923076923
3.230769230769231
2.769230769230769
2.1538461538461537
3.076923076923077
3.5384615384615383
2.0
3.8461538461538463
3.5384615384615383
2.0
2.3076923076923075
3.6923076923076925
2.0
3.5384615384615383
3.5384615384615383
2.3076923076923075
4.461538461538462
3.8461538461538463
2.3076923076923075
4.461538461538462
3.6923076923076925
1.8461538461538463
3.076923076923077
3.5384615384615383
2.1538461538461537
3.230769230769231
2.769230769230769
2.0
3.5384615384615383
4.153846153846154
2.923076923076923
3.8461538461538463
3.8461538461538463
1.3846153846153846
3.8461538461538463
4.0
2.0
3.6923076923076925
4.3076923076923075
1.5384615384615385
3.3846153846153846
3.5384615384615383
2.1538461538461537
3.8461538461538463
3.076923076923077
2.3076923076923075
3.3846153846153846
2.923076923076923
1.8461538461538463
2.6153846153846154
3.6923076923076925
1.8461538461538463
3.230769230769231
2.923076923076923
1.6923076923076923
2.0
2.1538461538461537
1.5384615384615385
2.3076923076923075
2.923076923076923
1.3846153846153846
2.3076923076923075
1.8461538461538463
1.5384615384615385
2.769230769230769
2.923076923076923
0.7692307692307693
2.769230769230769
2.923076923076923
1.5384615384615385
2.3076923076923075
3.076923076923077
0.7692307692307693
2.1538461538461537
2.6153846153846154
4.0
0.15384615384615385
0.7692307692307693
0.6153846153846154
1.2307692307692308
0.3076923076923077
0.15384615384615385
0.9230769230769231
0.46153846153846156
1.2307692307692308
1.2307692307692308
2.923076923076923
0.7692307692307693
