1.3846153846153846
0.15384615384615385
0.9230769230769231
1.0769230769230769
1.2307692307692308
1.0769230769230769
1.2307692307692308
1.5384615384615385
1.0769230769230769
0.9230769230769231
0.9230769230769231
1.2307692307692308
1.3846153846153846
1.3846153846153846
1.3846153846153846
1.2307692307692308
1.3846153846153846
0.7692307692307693
1.0769230769230769
1.6923076923076923
1.3846153846153846
0.46153846153846156
0.7692307692307693
1.0769230769230769
0.46153846153846156
0.6153846153846154
0.6153846153846154
1.2307692307692308
1.2307692307692308
0.46153846153846156
1.2307692307692308
1.6923076923076923
0.46153846153846156
1.0769230769230769
0.7692307692307693
1.0769230769230769
0.6153846153846154
1.0769230769230769
0.7692307692307693
1.5384615384615385
0.9230769230769231
1.3846153846153846
1.2307692307692308
1.2307692307692308
1.2307692307692308
1.3846153846153846
1.6923076923076923
1.6923076923076923
1.5384615384615385
0.7692307692307693
1.3846153846153846
1.6923076923076923
1.0769230769230769
1.8461538461538463
1.6923076923076923
1.0769230769230769
0.9230769230769231
1.6923076923076923
1.5384615384615385
1.5384615384615385
0.9230769230769231
1.0769230769230769
0.7692307692307693
0.9230769230769231
1.3846153846153846
2.0
1.3846153846153846
1.8461538461538463
0.9230769230769231
1.0769230769230769
1.2307692307692308
0.9230769230769231
0.7692307692307693
1.0769230769230769
1.2307692307692308
1.3846153846153846
1.5384615384615385
1.5384615384615385
1.6923076923076923
2.0
2.0
1.3846153846153846
2.0
1.3846153846153846
1.3846153846153846
1.6923076923076923
1.0769230769230769
0.9230769230769231
1.0769230769230769
0.9230769230769231
1.2307692307692308
0.9230769230769231
0.9230769230769231
1.2307692307692308
1.6923076923076923
2.0
0.6153846153846154
0.7692307692307693
0.6153846153846154
1.3846153846153846
0.9230769230769231
1.8461538461538463
0.9230769230769231
1.3846153846153846
1.6923076923076923
0.9230769230769231
0.7692307692307693
0.9230769230769231
1.2307692307692308
1.5384615384615385
1.6923076923076923
1.6923076923076923
1.0769230769230769
1.3846153846153846
2.0
1.2307692307692308
2.1538461538461537
1.0769230769230769
1.6923076923076923
1.5384615384615385
1.2307692307692308
1.0769230769230769
1.5384615384615385
1.2307692307692308
0.7692307692307693
1.0769230769230769
0.15384615384615385
1.5384615384615385
0.9230769230769231
0.7692307692307693
1.6923076923076923
1.0769230769230769
1.3846153846153846
1.6923076923076923
1.5384615384615385
0.7692307692307693
1.0769230769230769
1.3846153846153846
0.6153846153846154
1.3846153846153846
1.6923076923076923
1.2307692307692308
1.5384615384615385
1.5384615384615385
2.0
1.6923076923076923
1.2307692307692308
1.8461538461538463
1.2307692307692308
0.7692307692307693
0.9230769230769231
1.0769230769230769
0.7692307692307693
1.5384615384615385
1.8461538461538463
0.6153846153846154
1.2307692307692308
1.6923076923076923
0.7692307692307693
1.0769230769230769
1.2307692307692308
0.7692307692307693
0.9230769230769231
1.3846153846153846
0.7692307692307693
1.0769230769230769
1.5384615384615385
2.0
0.15384615384615385
0.7692307692307693
1.2307692307692308
0.9230769230769231
1.0769230769230769
1.0769230769230769
1.0769230769230769
1.0769230769230769
0.9230769230769231
0.7692307692307693
1.3846153846153846
0.9230769230769231
0.9230769230769231
1.3846153846153846
0.9230769230769231
0.9230769230769231
1.3846153846153846
1.3846153846153846
1.6923076923076923
1.2307692307692308
1.3846153846153846
0.9230769230769231
0.9230769230769231
0.9230769230769231
1.0769230769230769
0.46153846153846156
0.6153846153846154
0.6153846153846154
0.9230769230769231
0.6153846153846154
1.0769230769230769
0.9230769230769231
1.3846153846153846
0.6153846153846154
1.0769230769230769
1.0769230769230769
1.2307692307692308
0.7692307692307693
0.9230769230769231
1.0769230769230769
1.0769230769230769
1.5384615384615385
1.2307692307692308
1.2307692307692308
1.2307692307692308
1.2307692307692308
0.7692307692307693
0.46153846153846156
1.8461538461538463
0.7692307692307693
0.7692307692307693
1.5384615384615385
1.6923076923076923
1.5384615384615385
0.15384615384615385
0.6153846153846154
3.8461538461538463
2.3076923076923075
0.0
0.7692307692307693
