1.3846153846153846
7.230769230769231
0.15384615384615385
2.6153846153846154
2.1538461538461537
2.3076923076923075
2.4615384615384617
2.769230769230769
2.1538461538461537
3.076923076923077
3.076923076923077
1.5384615384615385
2.6153846153846154
2.4615384615384617
1.5384615384615385
2.769230769230769
2.923076923076923
1.5384615384615385
2.1538461538461537
2.923076923076923
2.0
2.923076923076923
2.923076923076923
1.8461538461538463
2.923076923076923
3.076923076923077
1.8461538461538463
3.230769230769231
2.923076923076923
1.5384615384615385
3.8461538461538463
3.076923076923077
1.2307692307692308
1.3846153846153846
3.6923076923076925
0.9230769230769231
4.0
4.0
2.4615384615384617
3.230769230769231
3.6923076923076925
1.3846153846153846
3.3846153846153846
3.076923076923077
1.8461538461538463
2.923076923076923
10.923076923076923
0.9230769230769231
3.3846153846153846
1.8461538461538463
1.8461538461538463
3.5384615384615383
4.461538461538462
2.769230769230769
1.8461538461538463
4.461538461538462
2.3076923076923075
2.6153846153846154
2.0
2.0
3.230769230769231
2.3076923076923075
0.7692307692307693
3.076923076923077
3.3846153846153846
1.6923076923076923
3.5384615384615383
3.076923076923077
1.5384615384615385
3.3846153846153846
2.769230769230769
0.46153846153846156
1.8461538461538463
2.923076923076923
2.769230769230769
1.3846153846153846
2.923076923076923
1.8461538461538463
3.3846153846153846
3.5384615384615383
1.3846153846153846
2.769230769230769
2.4615384615384617
1.8461538461538463
3.076923076923077
3.6923076923076925
1.3846153846153846
3.076923076923077
3.076923076923077
1.2307692307692308
3.3846153846153846
2.3076923076923075
1.5384615384615385
2.1538461538461537
1.5384615384615385
1.2307692307692308
2.0
2.0
1.2307692307692308
