3.8461538461538463
4.153846153846154
6.3076923076923075
3.5384615384615383
5.384615384615385
0.7692307692307693
4.0
4.461538461538462
2.769230769230769
4.0
3.5384615384615383
1.6923076923076923
3.8461538461538463
3.3846153846153846
1.5384615384615385
3.8461538461538463
4.461538461538462
8.923076923076923
2.1538461538461537
4.461538461538462
4.923076923076923
2.3076923076923075
4.0
20.307692307692307
6.153846153846154
1.6923076923076923
2.0
4.461538461538462
3.6923076923076925
1.3846153846153846
4.461538461538462
3.3846153846153846
1.3846153846153846
3.3846153846153846
3.076923076923077
1.2307692307692308
3.076923076923077
3.6923076923076925
2.0
4.153846153846154
3.3846153846153846
1.8461538461538463
3.230769230769231
3.230769230769231
1.2307692307692308
3.8461538461538463
3.076923076923077
0.7692307692307693
4.0
2.6153846153846154
1.2307692307692308
2.4615384615384617
2.0
1.0769230769230769
2.3076923076923075
2.1538461538461537
1.0769230769230769
2.6153846153846154
3.076923076923077
1.5384615384615385
2.6153846153846154
1.8461538461538463
1.8461538461538463
2.4615384615384617
2.0
2.0
2.3076923076923075
2.6153846153846154
0.15384615384615385
1.0769230769230769
1.6923076923076923
0.7692307692307693
1.0769230769230769
1.3846153846153846
0.7692307692307693
0.9230769230769231
1.0769230769230769
0.46153846153846156
0.9230769230769231
0.7692307692307693
0.7692307692307693
1.0769230769230769
0.6153846153846154
0.3076923076923077
