2.0
2.1538461538461537
2.923076923076923
1.5384615384615385
3.230769230769231
4.3076923076923075
2.1538461538461537
3.5384615384615383
4.153846153846154
1.6923076923076923
2.923076923076923
3.3846153846153846
1.6923076923076923
4.0
3.076923076923077
2.1538461538461537
2.6153846153846154
3.6923076923076925
2.1538461538461537
3.6923076923076925
4.461538461538462
2.0
3.3846153846153846
4.0
2.4615384615384617
3.076923076923077
3.3846153846153846
1.2307692307692308
3.8461538461538463
3.3846153846153846
1.6923076923076923
3.8461538461538463
3.076923076923077
2.3076923076923075
4.461538461538462
3.6923076923076925
2.4615384615384617
3.6923076923076925
4.0
2.0
4.615384615384615
4.769230769230769
1.8461538461538463
2.3076923076923075
2.923076923076923
1.5384615384615385
3.6923076923076925
2.923076923076923
2.0
3.230769230769231
3.230769230769231
2.4615384615384617
2.923076923076923
4.3076923076923075
2.3076923076923075
3.5384615384615383
3.8461538461538463
1.3846153846153846
3.076923076923077
2.923076923076923
1.6923076923076923
3.076923076923077
2.6153846153846154
1.0769230769230769
2.6153846153846154
2.769230769230769
1.5384615384615385
3.5384615384615383
2.6153846153846154
1.2307692307692308
3.8461538461538463
4.3076923076923075
1.2307692307692308
3.6923076923076925
2.923076923076923
1.3846153846153846
2.4615384615384617
2.0
2.1538461538461537
2.769230769230769
3.230769230769231
0.46153846153846156
2.0
2.4615384615384617
2.0
2.6153846153846154
3.5384615384615383
1.0769230769230769
3.6923076923076925
2.769230769230769
2.3076923076923075
0.15384615384615385
2.1538461538461537
1.3846153846153846
0.46153846153846156
1.5384615384615385
1.6923076923076923
0.15384615384615385
0.6153846153846154
0.7692307692307693
