3.6923076923076925
2.0
4.153846153846154
4.3076923076923075
1.2307692307692308
3.230769230769231
2.1538461538461537
0.46153846153846156
3.5384615384615383
3.6923076923076925
1.8461538461538463
3.5384615384615383
3.230769230769231
1.6923076923076923
3.5384615384615383
3.8461538461538463
1.6923076923076923
4.461538461538462
3.5384615384615383
1.6923076923076923
3.6923076923076925
4.0
1.3846153846153846
2.923076923076923
7.230769230769231
2.769230769230769
2.6153846153846154
4.615384615384615
1.5384615384615385
2.6153846153846154
2.6153846153846154
2.769230769230769
3.8461538461538463
2.1538461538461537
3.6923076923076925
2.923076923076923
1.6923076923076923
3.5384615384615383
4.461538461538462
7.6923076923076925
4.0
0.9230769230769231
3.076923076923077
4.3076923076923075
2.923076923076923
4.3076923076923075
3.8461538461538463
2.769230769230769
3.8461538461538463
3.8461538461538463
1.8461538461538463
24.307692307692307
0.3076923076923077
1.8461538461538463
4.153846153846154
5.846153846153846
3.230769230769231
2.1538461538461537
4.461538461538462
2.6153846153846154
1.5384615384615385
0.46153846153846156
0.46153846153846156
4.0
1.6923076923076923
2.4615384615384617
2.1538461538461537
1.8461538461538463
2.923076923076923
3.076923076923077
1.3846153846153846
2.3076923076923075
