3.076923076923077
3.230769230769231
1.5384615384615385
3.5384615384615383
5.230769230769231
1.5384615384615385
3.3846153846153846
3.6923076923076925
2.1538461538461537
2.6153846153846154
2.923076923076923
1.6923076923076923
3.8461538461538463
2.1538461538461537
2.1538461538461537
4.0
1.8461538461538463
1.5384615384615385
3.5384615384615383
4.0
2.4615384615384617
4.615384615384615
3.6923076923076925
2.0
3.6923076923076925
4.461538461538462
1.6923076923076923
3.076923076923077
3.5384615384615383
1.2307692307692308
3.3846153846153846
3.6923076923076925
1.3846153846153846
3.6923076923076925
4.461538461538462
1.2307692307692308
3.230769230769231
4.0
2.4615384615384617
3.6923076923076925
3.5384615384615383
1.2307692307692308
2.1538461538461537
3.6923076923076925
1.6923076923076923
4.153846153846154
2.1538461538461537
1.2307692307692308
3.076923076923077
2.923076923076923
1.8461538461538463
3.230769230769231
2.6153846153846154
2.0
4.0
4.153846153846154
2.0
3.230769230769231
3.230769230769231
1.8461538461538463
3.5384615384615383
2.3076923076923075
1.2307692307692308
2.923076923076923
2.6153846153846154
1.6923076923076923
2.769230769230769
2.923076923076923
1.5384615384615385
3.3846153846153846
3.3846153846153846
1.6923076923076923
3.6923076923076925
3.8461538461538463
1.8461538461538463
3.230769230769231
2.769230769230769
0.6153846153846154
2.4615384615384617
2.1538461538461537
1.3846153846153846
2.4615384615384617
2.0
1.3846153846153846
0.9230769230769231
