2.6153846153846154
1.0769230769230769
0.7692307692307693
1.6923076923076923
0.0
1.8461538461538463
1.6923076923076923
4.923076923076923
0.15384615384615385
0.15384615384615385
0.6153846153846154
0.9230769230769231
3.5384615384615383
2.3076923076923075
0.3076923076923077
1.2307692307692308
1.3846153846153846
0.15384615384615385
0.7692307692307693
0.15384615384615385
0.46153846153846156
0.7692307692307693
0.9230769230769231
0.46153846153846156
1.2307692307692308
1.3846153846153846
1.3846153846153846
1.3846153846153846
1.5384615384615385
1.0769230769230769
1.3846153846153846
1.2307692307692308
1.6923076923076923
1.3846153846153846
1.8461538461538463
1.8461538461538463
1.5384615384615385
0.7692307692307693
1.5384615384615385
0.7692307692307693
0.9230769230769231
2.3076923076923075
3.6923076923076925
0.0
0.7692307692307693
2.923076923076923
2.4615384615384617
0.46153846153846156
1.2307692307692308
0.6153846153846154
1.2307692307692308
0.15384615384615385
1.8461538461538463
0.46153846153846156
0.3076923076923077
0.9230769230769231
1.3846153846153846
2.0
2.0
1.2307692307692308
2.1538461538461537
0.6153846153846154
2.4615384615384617
0.6153846153846154
2.6153846153846154
2.0
0.6153846153846154
1.0769230769230769
2.1538461538461537
0.46153846153846156
2.923076923076923
3.3846153846153846
2.1538461538461537
2.0
0.0
0.15384615384615385
2.4615384615384617
3.230769230769231
0.6153846153846154
0.0
0.46153846153846156
0.9230769230769231
2.4615384615384617
2.923076923076923
1.3846153846153846
0.7692307692307693
1.5384615384615385
1.6923076923076923
1.2307692307692308
1.3846153846153846
0.3076923076923077
2.4615384615384617
1.5384615384615385
1.6923076923076923
0.15384615384615385
4.3076923076923075
0.46153846153846156
1.2307692307692308
0.15384615384615385
0.3076923076923077
1.0769230769230769
1.2307692307692308
0.7692307692307693
1.6923076923076923
2.3076923076923075
1.0769230769230769
1.0769230769230769
1.2307692307692308
0.3076923076923077
1.8461538461538463
1.5384615384615385
2.0
1.0769230769230769
1.0769230769230769
1.6923076923076923
1.2307692307692308
0.9230769230769231
1.2307692307692308
1.6923076923076923
1.3846153846153846
1.2307692307692308
1.3846153846153846
1.5384615384615385
1.0769230769230769
1.3846153846153846
1.5384615384615385
1.3846153846153846
1.2307692307692308
0.9230769230769231
1.5384615384615385
0.6153846153846154
1.5384615384615385
1.2307692307692308
0.46153846153846156
1.0769230769230769
1.2307692307692308
1.0769230769230769
0.9230769230769231
0.9230769230769231
1.0769230769230769
1.0769230769230769
1.2307692307692308
1.2307692307692308
1.6923076923076923
1.2307692307692308
1.0769230769230769
1.2307692307692308
1.8461538461538463
1.3846153846153846
1.2307692307692308
1.0769230769230769
1.3846153846153846
1.3846153846153846
1.5384615384615385
1.2307692307692308
1.6923076923076923
1.2307692307692308
1.5384615384615385
1.3846153846153846
0.9230769230769231
1.0769230769230769
1.2307692307692308
1.2307692307692308
1.0769230769230769
0.9230769230769231
1.2307692307692308
1.2307692307692308
1.5384615384615385
0.9230769230769231
1.5384615384615385
1.0769230769230769
1.0769230769230769
1.2307692307692308
0.9230769230769231
1.5384615384615385
0.9230769230769231
0.7692307692307693
0.9230769230769231
0.7692307692307693
0.7692307692307693
1.3846153846153846
0.3076923076923077
1.2307692307692308
0.7692307692307693
0.6153846153846154
1.2307692307692308
1.0769230769230769
1.0769230769230769
0.9230769230769231
1.5384615384615385
1.2307692307692308
1.0769230769230769
1.0769230769230769
0.7692307692307693
0.6153846153846154
0.9230769230769231
0.6153846153846154
1.2307692307692308
0.15384615384615385
0.9230769230769231
0.15384615384615385
1.0769230769230769
0.6153846153846154
1.2307692307692308
0.15384615384615385
0.3076923076923077
1.0769230769230769
0.46153846153846156
1.2307692307692308
1.6923076923076923
0.9230769230769231
0.7692307692307693
0.6153846153846154
0.6153846153846154
0.0
0.3076923076923077
1.3846153846153846
0.6153846153846154
0.6153846153846154
0.15384615384615385
2.0
1.0769230769230769
0.15384615384615385
0.3076923076923077
0.3076923076923077
0.46153846153846156
0.7692307692307693
0.46153846153846156
0.9230769230769231
0.3076923076923077
1.0769230769230769
0.0
0.3076923076923077
0.3076923076923077
1.5384615384615385
