1.3846153846153846
3.230769230769231
2.4615384615384617
0.7692307692307693
3.5384615384615383
4.0
2.3076923076923075
2.923076923076923
2.923076923076923
1.8461538461538463
3.3846153846153846
3.5384615384615383
1.8461538461538463
2.923076923076923
3.230769230769231
1.3846153846153846
3.6923076923076925
4.615384615384615
0.0
3.3846153846153846
3.076923076923077
1.6923076923076923
3.3846153846153846
3.3846153846153846
2.3076923076923075
3.8461538461538463
3.6923076923076925
2.0
3.6923076923076925
3.5384615384615383
1.3846153846153846
3.230769230769231
3.5384615384615383
1.2307692307692308
3.3846153846153846
2.769230769230769
2.0
3.3846153846153846
3.3846153846153846
1.8461538461538463
3.3846153846153846
4.153846153846154
2.1538461538461537
4.153846153846154
4.0
1.5384615384615385
3.3846153846153846
3.076923076923077
1.6923076923076923
3.6923076923076925
3.8461538461538463
1.8461538461538463
3.076923076923077
2.923076923076923
2.0
4.0
3.8461538461538463
1.5384615384615385
3.5384615384615383
4.153846153846154
1.6923076923076923
2.923076923076923
2.0
1.3846153846153846
1.5384615384615385
4.3076923076923075
1.3846153846153846
3.3846153846153846
3.076923076923077
1.2307692307692308
2.923076923076923
2.923076923076923
2.3076923076923075
2.4615384615384617
3.3846153846153846
1.3846153846153846
3.5384615384615383
2.923076923076923
0.9230769230769231
3.076923076923077
3.076923076923077
0.3076923076923077
3.3846153846153846
5.6923076923076925
1.8461538461538463
