1.2307692307692308
2.769230769230769
3.8461538461538463
1.2307692307692308
2.0
3.3846153846153846
0.7692307692307693
2.923076923076923
2.1538461538461537
2.4615384615384617
2.923076923076923
3.3846153846153846
1.8461538461538463
2.769230769230769
3.230769230769231
2.6153846153846154
4.0
3.230769230769231
1.8461538461538463
5.538461538461538
0.6153846153846154
1.5384615384615385
3.6923076923076925
3.3846153846153846
1.8461538461538463
2.923076923076923
2.923076923076923
2.1538461538461537
3.230769230769231
3.6923076923076925
1.6923076923076923
3.230769230769231
3.3846153846153846
2.0
2.769230769230769
2.6153846153846154
11.846153846153847
0.9230769230769231
2.4615384615384617
1.3846153846153846
3.3846153846153846
3.6923076923076925
2.0
4.153846153846154
4.461538461538462
1.6923076923076923
4.153846153846154
4.769230769230769
0.15384615384615385
2.3076923076923075
2.769230769230769
1.6923076923076923
3.3846153846153846
2.3076923076923075
1.6923076923076923
2.923076923076923
3.230769230769231
1.3846153846153846
4.153846153846154
3.3846153846153846
1.6923076923076923
4.923076923076923
3.230769230769231
0.6153846153846154
3.076923076923077
2.1538461538461537
2.1538461538461537
2.4615384615384617
4.0
1.5384615384615385
2.4615384615384617
3.3846153846153846
0.7692307692307693
4.153846153846154
3.230769230769231
1.6923076923076923
3.3846153846153846
2.923076923076923
0.6153846153846154
3.076923076923077
3.3846153846153846
0.7692307692307693
0.3076923076923077
3.8461538461538463
8.153846153846153
1.3846153846153846
