1.6923076923076923
1.2307692307692308
2.4615384615384617
1.3846153846153846
0.6153846153846154
3.076923076923077
1.8461538461538463
1.8461538461538463
0.46153846153846156
1.2307692307692308
2.769230769230769
0.9230769230769231
2.3076923076923075
1.6923076923076923
1.3846153846153846
1.0769230769230769
1.2307692307692308
0.9230769230769231
1.0769230769230769
0.9230769230769231
1.6923076923076923
1.8461538461538463
1.8461538461538463
1.0769230769230769
1.6923076923076923
1.8461538461538463
1.0769230769230769
1.8461538461538463
9.692307692307692
2.3076923076923075
3.5384615384615383
3.076923076923077
1.3846153846153846
2.3076923076923075
1.5384615384615385
1.2307692307692308
1.5384615384615385
1.5384615384615385
0.9230769230769231
2.0
2.6153846153846154
1.6923076923076923
1.6923076923076923
1.5384615384615385
2.3076923076923075
3.230769230769231
2.1538461538461537
1.5384615384615385
2.6153846153846154
2.6153846153846154
1.0769230769230769
1.8461538461538463
2.3076923076923075
1.3846153846153846
1.5384615384615385
1.3846153846153846
1.2307692307692308
2.1538461538461537
2.1538461538461537
1.2307692307692308
2.769230769230769
2.3076923076923075
1.3846153846153846
2.3076923076923075
2.4615384615384617
1.2307692307692308
2.3076923076923075
2.1538461538461537
0.7692307692307693
2.0
1.5384615384615385
1.0769230769230769
2.3076923076923075
3.076923076923077
2.0
0.7692307692307693
2.1538461538461537
1.0769230769230769
3.076923076923077
2.4615384615384617
0.3076923076923077
2.4615384615384617
1.6923076923076923
1.3846153846153846
2.4615384615384617
1.8461538461538463
1.0769230769230769
1.8461538461538463
2.3076923076923075
1.3846153846153846
1.8461538461538463
1.8461538461538463
1.0769230769230769
2.1538461538461537
2.1538461538461537
0.9230769230769231
2.1538461538461537
2.0
1.2307692307692308
2.6153846153846154
2.0
0.7692307692307693
1.6923076923076923
2.4615384615384617
0.46153846153846156
2.923076923076923
0.46153846153846156
2.4615384615384617
0.46153846153846156
2.0
1.6923076923076923
1.8461538461538463
2.3076923076923075
0.46153846153846156
1.3846153846153846
2.6153846153846154
2.4615384615384617
0.7692307692307693
2.3076923076923075
1.3846153846153846
2.923076923076923
2.6153846153846154
0.6153846153846154
0.9230769230769231
2.1538461538461537
0.3076923076923077
1.0769230769230769
1.5384615384615385
