0.9230769230769231
0.9230769230769231
0.7692307692307693
0.46153846153846156
1.8461538461538463
1.2307692307692308
0.46153846153846156
0.7692307692307693
0.9230769230769231
0.6153846153846154
0.46153846153846156
1.3846153846153846
0.46153846153846156
0.46153846153846156
0.3076923076923077
3.230769230769231
0.7692307692307693
0.9230769230769231
1.0769230769230769
0.9230769230769231
1.0769230769230769
0.3076923076923077
0.9230769230769231
0.9230769230769231
0.7692307692307693
0.6153846153846154
0.6153846153846154
0.6153846153846154
0.7692307692307693
0.7692307692307693
0.7692307692307693
0.9230769230769231
0.6153846153846154
0.9230769230769231
1.2307692307692308
0.6153846153846154
1.2307692307692308
1.2307692307692308
0.6153846153846154
0.7692307692307693
0.9230769230769231
1.5384615384615385
0.6153846153846154
1.2307692307692308
1.0769230769230769
0.9230769230769231
1.2307692307692308
4.3076923076923075
3.3846153846153846
2.0
1.5384615384615385
0.9230769230769231
0.9230769230769231
0.9230769230769231
1.0769230769230769
0.9230769230769231
0.7692307692307693
0.9230769230769231
0.46153846153846156
1.3846153846153846
1.0769230769230769
1.3846153846153846
1.2307692307692308
0.7692307692307693
0.3076923076923077
1.3846153846153846
6.769230769230769
0.6153846153846154
0.9230769230769231
0.6153846153846154
1.0769230769230769
0.46153846153846156
0.3076923076923077
0.6153846153846154
1.6923076923076923
1.6923076923076923
1.3846153846153846
0.6153846153846154
0.6153846153846154
0.15384615384615385
1.0769230769230769
1.8461538461538463
1.5384615384615385
1.5384615384615385
2.4615384615384617
0.6153846153846154
0.0
1.6923076923076923
1.0769230769230769
1.2307692307692308
1.2307692307692308
1.2307692307692308
3.8461538461538463
1.3846153846153846
4.461538461538462
1.2307692307692308
1.3846153846153846
1.3846153846153846
0.7692307692307693
1.8461538461538463
1.5384615384615385
1.3846153846153846
1.2307692307692308
1.5384615384615385
1.2307692307692308
1.5384615384615385
1.3846153846153846
1.3846153846153846
1.0769230769230769
1.3846153846153846
1.3846153846153846
0.9230769230769231
1.3846153846153846
1.3846153846153846
4.615384615384615
2.6153846153846154
4.461538461538462
0.15384615384615385
0.3076923076923077
2.0
1.0769230769230769
1.3846153846153846
0.9230769230769231
0.46153846153846156
1.3846153846153846
1.0769230769230769
1.6923076923076923
1.3846153846153846
0.6153846153846154
1.3846153846153846
1.5384615384615385
0.7692307692307693
2.0
1.3846153846153846
1.3846153846153846
0.6153846153846154
1.2307692307692308
1.3846153846153846
1.6923076923076923
0.9230769230769231
0.9230769230769231
0.46153846153846156
0.46153846153846156
1.3846153846153846
0.3076923076923077
1.2307692307692308
1.5384615384615385
0.9230769230769231
1.0769230769230769
0.9230769230769231
1.2307692307692308
1.0769230769230769
1.2307692307692308
1.2307692307692308
0.6153846153846154
1.2307692307692308
0.7692307692307693
1.2307692307692308
0.9230769230769231
1.3846153846153846
1.0769230769230769
0.7692307692307693
0.9230769230769231
0.7692307692307693
0.9230769230769231
1.2307692307692308
1.0769230769230769
0.9230769230769231
1.2307692307692308
8.153846153846153
0.3076923076923077
0.6153846153846154
0.15384615384615385
2.4615384615384617
1.3846153846153846
0.6153846153846154
1.2307692307692308
1.0769230769230769
0.7692307692307693
0.6153846153846154
1.2307692307692308
1.6923076923076923
1.3846153846153846
1.5384615384615385
1.3846153846153846
0.7692307692307693
1.3846153846153846
3.6923076923076925
1.2307692307692308
0.6153846153846154
2.3076923076923075
0.15384615384615385
0.15384615384615385
1.2307692307692308
1.0769230769230769
0.3076923076923077
1.8461538461538463
1.3846153846153846
0.15384615384615385
2.4615384615384617
1.0769230769230769
0.7692307692307693
0.7692307692307693
0.7692307692307693
0.9230769230769231
0.9230769230769231
0.6153846153846154
2.1538461538461537
1.2307692307692308
0.7692307692307693
0.9230769230769231
0.9230769230769231
0.9230769230769231
0.9230769230769231
1.3846153846153846
1.2307692307692308
1.2307692307692308
1.2307692307692308
1.2307692307692308
0.3076923076923077
1.3846153846153846
0.7692307692307693
1.5384615384615385
0.6153846153846154
0.6153846153846154
0.3076923076923077
0.7692307692307693
1.0769230769230769
0.7692307692307693
