3.5384615384615383
2.1538461538461537
2.769230769230769
2.923076923076923
1.6923076923076923
14.153846153846153
0.3076923076923077
2.0
3.230769230769231
2.3076923076923075
3.5384615384615383
4.3076923076923075
1.5384615384615385
4.153846153846154
3.3846153846153846
1.3846153846153846
2.923076923076923
3.5384615384615383
2.769230769230769
3.076923076923077
4.0
1.5384615384615385
3.3846153846153846
4.0
1.8461538461538463
3.5384615384615383
3.5384615384615383
2.6153846153846154
3.076923076923077
3.230769230769231
2.0
4.923076923076923
1.0769230769230769
1.3846153846153846
2.769230769230769
3.8461538461538463
2.769230769230769
2.6153846153846154
4.3076923076923075
2.4615384615384617
4.153846153846154
3.5384615384615383
1.8461538461538463
3.5384615384615383
2.923076923076923
1.6923076923076923
3.3846153846153846
2.769230769230769
1.8461538461538463
2.769230769230769
3.3846153846153846
2.3076923076923075
3.076923076923077
2.6153846153846154
1.6923076923076923
3.6923076923076925
3.5384615384615383
1.8461538461538463
3.5384615384615383
3.5384615384615383
1.8461538461538463
2.3076923076923075
2.923076923076923
1.2307692307692308
2.1538461538461537
2.3076923076923075
1.8461538461538463
2.923076923076923
2.923076923076923
1.3846153846153846
2.769230769230769
2.923076923076923
1.2307692307692308
2.3076923076923075
2.1538461538461537
0.9230769230769231
0.7692307692307693
1.8461538461538463
1.6923076923076923
1.5384615384615385
1.3846153846153846
0.46153846153846156
1.3846153846153846
1.3846153846153846
0.9230769230769231
1.2307692307692308
0.0
2.769230769230769
0.9230769230769231
2.0
1.8461538461538463
0.7692307692307693
1.5384615384615385
0.9230769230769231
0.46153846153846156
2.769230769230769
0.9230769230769231
0.3076923076923077
