2.769230769230769
1.8461538461538463
0.9230769230769231
3.5384615384615383
3.5384615384615383
0.46153846153846156
3.6923076923076925
3.076923076923077
1.6923076923076923
2.769230769230769
2.4615384615384617
0.46153846153846156
4.153846153846154
2.6153846153846154
1.0769230769230769
4.923076923076923
3.3846153846153846
1.3846153846153846
3.076923076923077
2.923076923076923
2.923076923076923
3.5384615384615383
3.3846153846153846
1.5384615384615385
4.0
3.076923076923077
1.5384615384615385
2.3076923076923075
3.3846153846153846
1.0769230769230769
2.769230769230769
3.8461538461538463
1.2307692307692308
3.230769230769231
4.153846153846154
1.8461538461538463
2.4615384615384617
2.923076923076923
0.9230769230769231
3.076923076923077
3.230769230769231
1.6923076923076923
3.8461538461538463
2.0
0.7692307692307693
5.538461538461538
4.0
1.6923076923076923
2.3076923076923075
3.3846153846153846
2.0
3.230769230769231
3.230769230769231
1.8461538461538463
3.230769230769231
2.1538461538461537
1.3846153846153846
13.846153846153847
0.15384615384615385
1.5384615384615385
3.076923076923077
1.8461538461538463
2.769230769230769
3.076923076923077
1.6923076923076923
2.3076923076923075
2.769230769230769
2.1538461538461537
2.1538461538461537
1.5384615384615385
2.6153846153846154
2.0
2.0
1.6923076923076923
1.8461538461538463
3.076923076923077
0.9230769230769231
2.769230769230769
2.6153846153846154
1.3846153846153846
2.6153846153846154
2.4615384615384617
1.0769230769230769
2.3076923076923075
1.5384615384615385
0.7692307692307693
1.5384615384615385
1.2307692307692308
0.3076923076923077
1.2307692307692308
2.0
1.2307692307692308
