1.0769230769230769
0.9230769230769231
0.0
0.15384615384615385
0.46153846153846156
2.923076923076923
0.6153846153846154
1.3846153846153846
0.0
1.5384615384615385
2.1538461538461537
0.3076923076923077
1.2307692307692308
2.3076923076923075
1.6923076923076923
0.9230769230769231
0.46153846153846156
0.6153846153846154
2.1538461538461537
3.076923076923077
0.9230769230769231
0.9230769230769231
3.3846153846153846
2.4615384615384617
1.0769230769230769
0.7692307692307693
2.3076923076923075
1.0769230769230769
0.7692307692307693
0.46153846153846156
1.0769230769230769
2.4615384615384617
0.0
0.46153846153846156
0.6153846153846154
1.3846153846153846
0.3076923076923077
1.8461538461538463
0.3076923076923077
0.7692307692307693
1.3846153846153846
2.3076923076923075
1.8461538461538463
1.3846153846153846
1.8461538461538463
1.8461538461538463
2.1538461538461537
1.8461538461538463
1.6923076923076923
1.5384615384615385
0.15384615384615385
2.769230769230769
3.8461538461538463
3.5384615384615383
2.1538461538461537
2.769230769230769
0.46153846153846156
0.46153846153846156
0.7692307692307693
0.46153846153846156
1.5384615384615385
1.8461538461538463
1.3846153846153846
1.2307692307692308
1.8461538461538463
1.8461538461538463
1.8461538461538463
2.923076923076923
1.8461538461538463
1.5384615384615385
1.3846153846153846
2.3076923076923075
2.1538461538461537
2.0
1.0769230769230769
1.3846153846153846
1.8461538461538463
1.3846153846153846
4.615384615384615
2.4615384615384617
0.9230769230769231
0.7692307692307693
0.46153846153846156
0.15384615384615385
1.5384615384615385
1.8461538461538463
2.0
1.8461538461538463
1.2307692307692308
1.6923076923076923
1.3846153846153846
1.6923076923076923
1.5384615384615385
1.6923076923076923
2.0
2.769230769230769
2.1538461538461537
1.8461538461538463
1.2307692307692308
1.2307692307692308
2.0
1.6923076923076923
1.3846153846153846
2.0
0.3076923076923077
2.4615384615384617
1.2307692307692308
0.9230769230769231
1.2307692307692308
0.3076923076923077
1.8461538461538463
0.7692307692307693
2.3076923076923075
1.6923076923076923
1.6923076923076923
2.923076923076923
2.3076923076923075
1.6923076923076923
1.3846153846153846
2.1538461538461537
1.3846153846153846
1.6923076923076923
1.8461538461538463
1.8461538461538463
1.8461538461538463
1.5384615384615385
1.3846153846153846
2.923076923076923
0.46153846153846156
1.0769230769230769
1.3846153846153846
0.3076923076923077
0.7692307692307693
0.7692307692307693
1.6923076923076923
2.6153846153846154
0.9230769230769231
0.6153846153846154
1.3846153846153846
1.2307692307692308
2.0
1.5384615384615385
1.5384615384615385
2.0
1.3846153846153846
1.0769230769230769
1.2307692307692308
1.5384615384615385
1.8461538461538463
1.5384615384615385
1.5384615384615385
1.0769230769230769
2.0
1.6923076923076923
1.0769230769230769
2.923076923076923
1.3846153846153846
1.6923076923076923
0.15384615384615385
0.7692307692307693
1.8461538461538463
0.7692307692307693
2.0
0.9230769230769231
6.3076923076923075
1.6923076923076923
1.2307692307692308
1.2307692307692308
1.2307692307692308
0.9230769230769231
1.8461538461538463
0.7692307692307693
0.6153846153846154
