1.6923076923076923
3.8461538461538463
4.615384615384615
2.4615384615384617
3.6923076923076925
4.0
2.1538461538461537
4.461538461538462
4.769230769230769
2.0
4.461538461538462
4.615384615384615
1.5384615384615385
3.5384615384615383
3.3846153846153846
2.923076923076923
2.4615384615384617
3.3846153846153846
1.8461538461538463
3.5384615384615383
4.0
2.3076923076923075
4.3076923076923075
4.153846153846154
2.1538461538461537
4.769230769230769
6.153846153846154
0.7692307692307693
4.3076923076923075
5.230769230769231
0.3076923076923077
4.0
4.153846153846154
2.3076923076923075
3.230769230769231
2.923076923076923
2.0
4.3076923076923075
3.8461538461538463
2.923076923076923
4.153846153846154
3.6923076923076925
2.6153846153846154
5.384615384615385
3.230769230769231
1.3846153846153846
4.153846153846154
2.4615384615384617
1.8461538461538463
3.6923076923076925
1.8461538461538463
2.769230769230769
2.4615384615384617
3.5384615384615383
1.3846153846153846
3.8461538461538463
3.6923076923076925
1.6923076923076923
4.3076923076923075
3.8461538461538463
1.6923076923076923
3.6923076923076925
3.5384615384615383
0.3076923076923077
1.5384615384615385
2.4615384615384617
1.3846153846153846
2.769230769230769
6.153846153846154
2.0
1.2307692307692308
0.9230769230769231
1.0769230769230769
1.8461538461538463
2.3076923076923075
1.8461538461538463
2.769230769230769
