2.6153846153846154
8.76923076923077
0.7692307692307693
5.538461538461538
5.230769230769231
3.076923076923077
0.9230769230769231
1.5384615384615385
1.0769230769230769
3.5384615384615383
5.384615384615385
3.3846153846153846
3.076923076923077
4.0
0.6153846153846154
4.3076923076923075
5.846153846153846
1.5384615384615385
4.461538461538462
1.8461538461538463
3.8461538461538463
3.3846153846153846
2.3076923076923075
3.3846153846153846
3.6923076923076925
1.5384615384615385
2.769230769230769
3.076923076923077
1.6923076923076923
3.8461538461538463
3.3846153846153846
2.4615384615384617
3.5384615384615383
3.5384615384615383
2.1538461538461537
3.8461538461538463
4.461538461538462
2.4615384615384617
2.6153846153846154
3.8461538461538463
1.2307692307692308
8.153846153846153
1.3846153846153846
3.3846153846153846
2.0
0.9230769230769231
4.615384615384615
1.8461538461538463
3.5384615384615383
3.3846153846153846
2.3076923076923075
3.8461538461538463
3.076923076923077
2.1538461538461537
2.769230769230769
2.769230769230769
1.0769230769230769
3.3846153846153846
2.4615384615384617
2.0
1.8461538461538463
2.6153846153846154
1.5384615384615385
1.8461538461538463
3.230769230769231
1.2307692307692308
3.230769230769231
4.3076923076923075
1.6923076923076923
3.230769230769231
3.6923076923076925
1.8461538461538463
2.6153846153846154
2.0
2.923076923076923
2.1538461538461537
1.8461538461538463
1.2307692307692308
1.6923076923076923
1.5384615384615385
0.46153846153846156
1.8461538461538463
1.3846153846153846
1.3846153846153846
0.7692307692307693
