1.2307692307692308
2.769230769230769
2.923076923076923
1.0769230769230769
1.6923076923076923
2.923076923076923
1.3846153846153846
2.769230769230769
3.076923076923077
1.3846153846153846
2.3076923076923075
2.1538461538461537
1.2307692307692308
1.6923076923076923
5.076923076923077
2.0
3.230769230769231
3.3846153846153846
1.2307692307692308
4.153846153846154
1.6923076923076923
0.15384615384615385
2.4615384615384617
3.230769230769231
1.0769230769230769
2.923076923076923
3.230769230769231
2.3076923076923075
2.769230769230769
3.5384615384615383
2.0
3.6923076923076925
3.5384615384615383
1.6923076923076923
2.4615384615384617
2.6153846153846154
1.6923076923076923
3.8461538461538463
3.5384615384615383
1.6923076923076923
3.3846153846153846
2.769230769230769
0.7692307692307693
3.5384615384615383
3.5384615384615383
1.8461538461538463
2.3076923076923075
4.0
1.5384615384615385
3.3846153846153846
3.076923076923077
1.5384615384615385
3.6923076923076925
3.076923076923077
1.0769230769230769
11.23076923076923
2.0
2.6153846153846154
2.923076923076923
4.461538461538462
0.7692307692307693
3.6923076923076925
3.6923076923076925
0.9230769230769231
2.4615384615384617
2.923076923076923
1.5384615384615385
2.769230769230769
2.923076923076923
1.2307692307692308
3.3846153846153846
3.3846153846153846
2.1538461538461537
3.076923076923077
3.3846153846153846
1.5384615384615385
3.230769230769231
2.4615384615384617
1.2307692307692308
2.1538461538461537
3.076923076923077
1.8461538461538463
2.923076923076923
2.923076923076923
1.0769230769230769
2.923076923076923
3.230769230769231
1.6923076923076923
3.230769230769231
3.3846153846153846
1.5384615384615385
2.6153846153846154
2.923076923076923
0.7692307692307693
2.3076923076923075
2.4615384615384617
1.2307692307692308
1.6923076923076923
2.1538461538461537
0.7692307692307693
3.230769230769231
