0.46153846153846156
0.3076923076923077
0.3076923076923077
0.46153846153846156
0.46153846153846156
0.46153846153846156
0.6153846153846154
0.46153846153846156
0.46153846153846156
0.3076923076923077
0.6153846153846154
0.46153846153846156
0.15384615384615385
0.3076923076923077
0.3076923076923077
0.6153846153846154
0.46153846153846156
0.7692307692307693
0.6153846153846154
0.15384615384615385
0.15384615384615385
0.3076923076923077
0.7692307692307693
0.46153846153846156
0.6153846153846154
0.3076923076923077
1.0769230769230769
0.6153846153846154
0.0
0.15384615384615385
0.46153846153846156
0.7692307692307693
0.9230769230769231
0.46153846153846156
1.0769230769230769
0.46153846153846156
0.9230769230769231
1.2307692307692308
1.0769230769230769
1.0769230769230769
0.9230769230769231
1.0769230769230769
1.2307692307692308
1.0769230769230769
1.0769230769230769
0.9230769230769231
1.0769230769230769
0.9230769230769231
1.2307692307692308
1.2307692307692308
0.6153846153846154
0.9230769230769231
1.0769230769230769
0.9230769230769231
0.9230769230769231
0.7692307692307693
0.7692307692307693
0.9230769230769231
0.9230769230769231
0.6153846153846154
0.46153846153846156
0.46153846153846156
0.46153846153846156
0.46153846153846156
1.0769230769230769
0.9230769230769231
0.7692307692307693
1.0769230769230769
1.0769230769230769
0.9230769230769231
0.7692307692307693
1.0769230769230769
0.9230769230769231
1.0769230769230769
0.7692307692307693
0.7692307692307693
1.2307692307692308
1.2307692307692308
0.7692307692307693
0.9230769230769231
0.46153846153846156
1.0769230769230769
0.9230769230769231
1.0769230769230769
0.3076923076923077
0.46153846153846156
1.0769230769230769
0.7692307692307693
0.9230769230769231
0.7692307692307693
0.9230769230769231
0.15384615384615385
0.7692307692307693
1.0769230769230769
1.0769230769230769
2.3076923076923075
0.3076923076923077
1.2307692307692308
0.7692307692307693
0.7692307692307693
2.0
0.46153846153846156
1.8461538461538463
1.0769230769230769
1.5384615384615385
0.46153846153846156
1.8461538461538463
1.3846153846153846
0.9230769230769231
1.2307692307692308
1.5384615384615385
0.46153846153846156
0.7692307692307693
1.0769230769230769
1.0769230769230769
0.6153846153846154
1.0769230769230769
0.7692307692307693
1.2307692307692308
1.0769230769230769
1.3846153846153846
0.6153846153846154
0.7692307692307693
1.3846153846153846
0.7692307692307693
1.2307692307692308
0.6153846153846154
0.9230769230769231
0.9230769230769231
1.0769230769230769
0.6153846153846154
1.2307692307692308
1.0769230769230769
0.9230769230769231
1.2307692307692308
1.0769230769230769
1.0769230769230769
1.0769230769230769
1.0769230769230769
1.3846153846153846
0.9230769230769231
0.9230769230769231
1.0769230769230769
0.6153846153846154
0.9230769230769231
0.9230769230769231
1.5384615384615385
1.0769230769230769
0.15384615384615385
1.0769230769230769
0.3076923076923077
1.0769230769230769
0.9230769230769231
2.0
1.8461538461538463
1.8461538461538463
0.15384615384615385
0.7692307692307693
1.5384615384615385
1.3846153846153846
1.3846153846153846
0.46153846153846156
0.6153846153846154
2.1538461538461537
0.15384615384615385
0.9230769230769231
1.3846153846153846
1.0769230769230769
1.8461538461538463
0.6153846153846154
2.0
0.7692307692307693
1.3846153846153846
0.0
1.3846153846153846
0.7692307692307693
1.3846153846153846
0.7692307692307693
1.2307692307692308
4.0
1.3846153846153846
0.0
0.6153846153846154
0.0
0.6153846153846154
0.3076923076923077
2.0
0.9230769230769231
0.6153846153846154
1.3846153846153846
1.3846153846153846
1.0769230769230769
0.9230769230769231
0.46153846153846156
0.9230769230769231
1.2307692307692308
0.9230769230769231
0.9230769230769231
0.6153846153846154
1.0769230769230769
1.0769230769230769
0.9230769230769231
1.0769230769230769
0.9230769230769231
0.7692307692307693
0.7692307692307693
0.6153846153846154
0.9230769230769231
0.9230769230769231
1.2307692307692308
0.6153846153846154
1.0769230769230769
1.0769230769230769
0.9230769230769231
0.46153846153846156
1.0769230769230769
0.6153846153846154
0.9230769230769231
0.46153846153846156
0.9230769230769231
0.46153846153846156
1.0769230769230769
0.7692307692307693
1.3846153846153846
0.9230769230769231
1.3846153846153846
1.0769230769230769
0.9230769230769231
1.0769230769230769
0.6153846153846154
0.6153846153846154
1.0769230769230769
0.9230769230769231
1.3846153846153846
0.46153846153846156
1.0769230769230769
0.9230769230769231
0.15384615384615385
0.46153846153846156
1.3846153846153846
0.46153846153846156
0.6153846153846154
0.7692307692307693
0.6153846153846154
0.6153846153846154
1.2307692307692308
0.6153846153846154
0.9230769230769231
0.7692307692307693
1.2307692307692308
0.3076923076923077
1.0769230769230769
0.6153846153846154
0.7692307692307693
0.7692307692307693
0.7692307692307693
1.0769230769230769
1.5384615384615385
0.7692307692307693
0.9230769230769231
0.7692307692307693
0.9230769230769231
0.9230769230769231
0.3076923076923077
1.0769230769230769
0.9230769230769231
0.46153846153846156
0.9230769230769231
0.3076923076923077
1.0769230769230769
0.46153846153846156
0.9230769230769231
0.7692307692307693
0.6153846153846154
0.0
0.6153846153846154
0.9230769230769231
1.0769230769230769
0.7692307692307693
0.46153846153846156
0.7692307692307693
0.6153846153846154
0.6153846153846154
0.6153846153846154
0.7692307692307693
0.6153846153846154
0.9230769230769231
0.9230769230769231
0.46153846153846156
0.9230769230769231
0.7692307692307693
0.46153846153846156
0.6153846153846154
0.9230769230769231
0.3076923076923077
1.2307692307692308
0.9230769230769231
0.6153846153846154
1.2307692307692308
1.0769230769230769
0.9230769230769231
1.2307692307692308
0.7692307692307693
1.0769230769230769
4.461538461538462
1.0769230769230769
2.6153846153846154
1.3846153846153846
0.46153846153846156
0.0
0.15384615384615385
0.15384615384615385
0.9230769230769231
0.6153846153846154
1.0769230769230769
2.0
1.2307692307692308
