2.3076923076923075
2.923076923076923
2.4615384615384617
2.1538461538461537
2.6153846153846154
0.7692307692307693
3.076923076923077
2.923076923076923
1.5384615384615385
2.769230769230769
2.769230769230769
1.6923076923076923
2.3076923076923075
2.6153846153846154
1.8461538461538463
2.923076923076923
3.230769230769231
1.6923076923076923
2.769230769230769
2.6153846153846154
1.2307692307692308
2.6153846153846154
2.769230769230769
1.8461538461538463
2.0
1.8461538461538463
1.5384615384615385
2.769230769230769
3.230769230769231
2.1538461538461537
4.769230769230769
3.6923076923076925
0.46153846153846156
2.923076923076923
2.0
2.4615384615384617
3.230769230769231
7.076923076923077
3.076923076923077
3.3846153846153846
3.6923076923076925
4.615384615384615
2.0
3.8461538461538463
3.5384615384615383
1.8461538461538463
3.3846153846153846
3.6923076923076925
0.9230769230769231
3.8461538461538463
4.153846153846154
2.4615384615384617
1.6923076923076923
3.3846153846153846
3.230769230769231
3.230769230769231
1.8461538461538463
3.5384615384615383
3.5384615384615383
1.2307692307692308
3.5384615384615383
3.230769230769231
1.5384615384615385
2.6153846153846154
2.923076923076923
2.6153846153846154
1.0769230769230769
2.3076923076923075
2.769230769230769
2.3076923076923075
2.923076923076923
1.8461538461538463
0.6153846153846154
3.5384615384615383
2.769230769230769
1.2307692307692308
2.6153846153846154
1.6923076923076923
2.6153846153846154
3.230769230769231
0.6153846153846154
2.6153846153846154
2.0
0.6153846153846154
2.769230769230769
2.3076923076923075
0.9230769230769231
2.4615384615384617
2.0
1.0769230769230769
2.1538461538461537
2.6153846153846154
0.7692307692307693
1.8461538461538463
2.1538461538461537
2.4615384615384617
0.9230769230769231
2.3076923076923075
0.46153846153846156
2.923076923076923
1.8461538461538463
1.0769230769230769
0.46153846153846156
1.8461538461538463
0.7692307692307693
0.7692307692307693
0.9230769230769231
0.46153846153846156
0.7692307692307693
