3.076923076923077
2.0
3.230769230769231
4.461538461538462
1.3846153846153846
1.3846153846153846
2.923076923076923
2.0
2.769230769230769
4.0
1.5384615384615385
3.6923076923076925
4.153846153846154
1.8461538461538463
2.923076923076923
3.5384615384615383
0.9230769230769231
2.923076923076923
3.5384615384615383
1.6923076923076923
3.5384615384615383
11.23076923076923
0.3076923076923077
1.0769230769230769
3.230769230769231
3.5384615384615383
2.3076923076923075
3.6923076923076925
3.5384615384615383
2.4615384615384617
2.4615384615384617
3.6923076923076925
1.2307692307692308
2.3076923076923075
3.8461538461538463
1.3846153846153846
3.8461538461538463
3.230769230769231
1.2307692307692308
3.076923076923077
3.8461538461538463
1.6923076923076923
2.923076923076923
3.6923076923076925
2.0
3.230769230769231
3.6923076923076925
1.2307692307692308
2.4615384615384617
2.4615384615384617
1.8461538461538463
2.4615384615384617
3.3846153846153846
2.3076923076923075
3.6923076923076925
3.076923076923077
2.923076923076923
1.8461538461538463
3.3846153846153846
1.2307692307692308
3.076923076923077
2.769230769230769
1.8461538461538463
2.769230769230769
2.6153846153846154
0.7692307692307693
2.4615384615384617
2.923076923076923
0.9230769230769231
2.4615384615384617
1.8461538461538463
1.2307692307692308
2.4615384615384617
2.6153846153846154
1.3846153846153846
2.769230769230769
2.4615384615384617
1.3846153846153846
2.0
1.0769230769230769
1.6923076923076923
1.6923076923076923
2.6153846153846154
0.6153846153846154
4.0
1.6923076923076923
0.0
