2.4615384615384617
1.5384615384615385
2.923076923076923
3.076923076923077
1.5384615384615385
2.4615384615384617
2.4615384615384617
1.6923076923076923
1.8461538461538463
3.6923076923076925
1.8461538461538463
3.6923076923076925
3.230769230769231
1.8461538461538463
4.0
4.0
2.1538461538461537
4.3076923076923075
4.3076923076923075
0.9230769230769231
4.615384615384615
3.3846153846153846
1.0769230769230769
3.076923076923077
3.6923076923076925
1.3846153846153846
4.461538461538462
3.6923076923076925
2.1538461538461537
4.0
3.6923076923076925
2.0
4.3076923076923075
4.461538461538462
2.1538461538461537
4.3076923076923075
4.769230769230769
1.8461538461538463
3.5384615384615383
2.6153846153846154
2.3076923076923075
3.230769230769231
4.0
2.4615384615384617
3.076923076923077
5.076923076923077
1.2307692307692308
4.0
4.461538461538462
2.769230769230769
4.3076923076923075
2.923076923076923
2.6153846153846154
2.3076923076923075
3.6923076923076925
2.1538461538461537
3.5384615384615383
5.230769230769231
2.0
3.076923076923077
4.461538461538462
1.5384615384615385
3.8461538461538463
3.076923076923077
2.6153846153846154
3.076923076923077
3.230769230769231
2.6153846153846154
3.6923076923076925
4.0
1.2307692307692308
4.153846153846154
3.8461538461538463
2.1538461538461537
2.3076923076923075
1.6923076923076923
