2.4615384615384617
1.5384615384615385
2.4615384615384617
2.1538461538461537
1.5384615384615385
2.3076923076923075
2.4615384615384617
1.2307692307692308
2.1538461538461537
2.6153846153846154
1.3846153846153846
2.1538461538461537
2.0
1.3846153846153846
2.1538461538461537
2.1538461538461537
1.3846153846153846
2.1538461538461537
3.076923076923077
1.3846153846153846
1.3846153846153846
3.230769230769231
1.3846153846153846
2.1538461538461537
6.153846153846154
1.0769230769230769
1.6923076923076923
3.3846153846153846
2.769230769230769
1.0769230769230769
2.923076923076923
2.923076923076923
1.6923076923076923
2.0
3.076923076923077
1.2307692307692308
2.1538461538461537
3.230769230769231
1.5384615384615385
3.076923076923077
2.4615384615384617
0.7692307692307693
2.769230769230769
2.3076923076923075
0.9230769230769231
2.6153846153846154
2.4615384615384617
0.9230769230769231
3.076923076923077
2.6153846153846154
0.9230769230769231
2.6153846153846154
3.5384615384615383
1.8461538461538463
2.769230769230769
4.615384615384615
1.2307692307692308
2.6153846153846154
1.8461538461538463
3.076923076923077
2.6153846153846154
1.3846153846153846
2.769230769230769
2.769230769230769
0.7692307692307693
2.769230769230769
2.3076923076923075
0.9230769230769231
2.769230769230769
2.6153846153846154
0.7692307692307693
2.769230769230769
2.3076923076923075
1.6923076923076923
2.0
2.6153846153846154
1.5384615384615385
2.4615384615384617
2.3076923076923075
1.5384615384615385
2.1538461538461537
2.1538461538461537
1.3846153846153846
2.3076923076923075
2.4615384615384617
1.5384615384615385
2.6153846153846154
2.3076923076923075
0.6153846153846154
1.5384615384615385
2.6153846153846154
1.0769230769230769
2.1538461538461537
2.0
1.5384615384615385
2.1538461538461537
1.8461538461538463
0.46153846153846156
1.5384615384615385
1.5384615384615385
1.5384615384615385
2.3076923076923075
1.8461538461538463
0.9230769230769231
1.6923076923076923
1.6923076923076923
1.0769230769230769
1.3846153846153846
1.6923076923076923
0.7692307692307693
1.3846153846153846
1.0769230769230769
0.9230769230769231
0.7692307692307693
1.3846153846153846
1.2307692307692308
1.3846153846153846
